0.000000	19.219000	146.095201	0.003874
1.000000	19.221000	146.126158	0.002482
2.000000	19.223000	146.157117	0.003678
3.000000	19.225000	146.188081	0.003568
4.000000	19.227000	146.219047	0.003410
5.000000	19.229000	146.250017	0.004044
6.000000	19.231000	146.280990	0.003251
7.000000	19.233000	146.311966	0.003495
8.000000	19.235000	146.342946	0.003483
9.000000	19.237000	146.373929	0.003324
10.000000	19.239000	146.404915	0.003568
11.000000	19.241000	146.435905	0.003373
12.000000	19.243000	146.466897	0.003275
13.000000	19.245000	146.497894	0.003727
14.000000	19.247000	146.528893	0.002921
15.000000	19.249000	146.559895	0.003263
16.000000	19.251000	146.590901	0.004044
17.000000	19.253000	146.621910	0.003422
18.000000	19.255000	146.652923	0.003666
19.000000	19.257000	146.683939	0.003898
20.000000	19.259000	146.714958	0.003788
21.000000	19.261000	146.745980	0.003031
22.000000	19.263000	146.777005	0.004118
23.000000	19.265000	146.808034	0.003593
24.000000	19.267000	146.839066	0.003593
25.000000	19.269000	146.870102	0.003349
26.000000	19.271000	146.901140	0.003690
27.000000	19.273000	146.932182	0.003922
28.000000	19.275000	146.963228	0.003019
29.000000	19.277000	146.994276	0.003385
30.000000	19.279000	147.025328	0.003239
31.000000	19.281000	147.056383	0.003446
32.000000	19.283000	147.087441	0.003202
33.000000	19.285000	147.118503	0.002873
34.000000	19.287000	147.149568	0.003898
35.000000	19.289000	147.180636	0.003178
36.000000	19.291000	147.211708	0.003532
37.000000	19.293000	147.242782	0.003690
38.000000	19.295000	147.273860	0.003227
39.000000	19.297000	147.304942	0.004154
40.000000	19.299000	147.336026	0.003483
41.000000	19.301000	147.367114	0.003971
42.000000	19.303000	147.398205	0.003617
43.000000	19.305000	147.429300	0.003690
44.000000	19.307000	147.460397	0.003324
45.000000	19.309000	147.491498	0.003043
46.000000	19.311000	147.522602	0.003214
47.000000	19.313000	147.553710	0.003581
48.000000	19.315000	147.584821	0.003507
49.000000	19.317000	147.615935	0.003056
50.000000	19.319000	147.647052	0.003935
51.000000	19.321000	147.678173	0.002946
52.000000	19.323000	147.709297	0.003495
53.000000	19.325000	147.740424	0.003544
54.000000	19.327000	147.771555	0.003251
55.000000	19.329000	147.802688	0.003739
56.000000	19.331000	147.833825	0.003629
57.000000	19.333000	147.864966	0.003373
58.000000	19.335000	147.896109	0.003458
59.000000	19.337000	147.927256	0.003153
60.000000	19.339000	147.958406	0.003715
61.000000	19.341000	147.989560	0.003104
62.000000	19.343000	148.020717	0.003117
63.000000	19.345000	148.051877	0.003336
64.000000	19.347000	148.083040	0.003361
65.000000	19.349000	148.114207	0.003043
66.000000	19.351000	148.145376	0.003422
67.000000	19.353000	148.176549	0.002677
68.000000	19.355000	148.207726	0.003422
69.000000	19.357000	148.238906	0.003947
70.000000	19.359000	148.270088	0.003690
71.000000	19.361000	148.301275	0.002787
72.000000	19.363000	148.332464	0.003092
73.000000	19.365000	148.363657	0.002982
74.000000	19.367000	148.394853	0.003190
75.000000	19.369000	148.426053	0.003300
76.000000	19.371000	148.457255	0.003422
77.000000	19.373000	148.488461	0.003642
78.000000	19.375000	148.519670	0.003654
79.000000	19.377000	148.550883	0.003349
80.000000	19.379000	148.582099	0.003239
81.000000	19.381000	148.613318	0.002677
82.000000	19.383000	148.644540	0.004069
83.000000	19.385000	148.675766	0.003288
84.000000	19.387000	148.706994	0.002909
85.000000	19.389000	148.738227	0.003776
86.000000	19.391000	148.769462	0.003678
87.000000	19.393000	148.800701	0.003227
88.000000	19.395000	148.831943	0.003141
89.000000	19.397000	148.863188	0.003849
90.000000	19.399000	148.894437	0.002921
91.000000	19.401000	148.925688	0.003764
92.000000	19.403000	148.956943	0.003495
93.000000	19.405000	148.988202	0.003324
94.000000	19.407000	149.019464	0.003214
95.000000	19.409000	149.050728	0.004057
96.000000	19.411000	149.081997	0.003642
97.000000	19.413000	149.113268	0.002763
98.000000	19.415000	149.144543	0.003227
99.000000	19.417000	149.175821	0.003446
100.000000	19.419000	149.207102	0.003764
101.000000	19.421000	149.238387	0.003874
102.000000	19.423000	149.269675	0.003031
103.000000	19.425000	149.300966	0.003703
104.000000	19.427000	149.332261	0.002628
105.000000	19.429000	149.363558	0.002470
106.000000	19.431000	149.394859	0.003764
107.000000	19.433000	149.426164	0.003190
108.000000	19.435000	149.457471	0.003825
109.000000	19.437000	149.488782	0.003373
110.000000	19.439000	149.520096	0.003043
111.000000	19.441000	149.551414	0.003422
112.000000	19.443000	149.582734	0.003446
113.000000	19.445000	149.614058	0.003397
114.000000	19.447000	149.645386	0.003629
115.000000	19.449000	149.676716	0.003825
116.000000	19.451000	149.708050	0.002506
117.000000	19.453000	149.739387	0.003654
118.000000	19.455000	149.770727	0.002409
119.000000	19.457000	149.802071	0.003251
120.000000	19.459000	149.833418	0.003166
121.000000	19.461000	149.864768	0.003104
122.000000	19.463000	149.896122	0.002335
123.000000	19.465000	149.927478	0.002323
124.000000	19.467000	149.958839	0.000993
125.000000	19.469000	149.990202	0.002555
126.000000	19.471000	150.021568	0.002421
127.000000	19.473000	150.052938	0.001493
128.000000	19.475000	150.084312	0.001774
129.000000	19.477000	150.115688	0.002653
130.000000	19.479000	150.147068	0.004118
131.000000	19.481000	150.178451	0.003312
132.000000	19.483000	150.209837	0.003104
133.000000	19.485000	150.241226	0.003654
134.000000	19.487000	150.272619	0.002860
135.000000	19.489000	150.304016	0.003581
136.000000	19.491000	150.335415	0.002970
137.000000	19.493000	150.366818	0.002433
138.000000	19.495000	150.398224	0.003080
139.000000	19.497000	150.429633	0.002384
140.000000	19.499000	150.461045	0.003935
141.000000	19.501000	150.492461	0.002506
142.000000	19.503000	150.523880	0.003922
143.000000	19.505000	150.555303	0.001652
144.000000	19.507000	150.586728	0.003166
145.000000	19.509000	150.618157	0.001933
146.000000	19.511000	150.649589	0.001750
147.000000	19.513000	150.681025	0.000614
148.000000	19.515000	150.712464	0.001786
149.000000	19.517000	150.743906	0.000968
150.000000	19.519000	150.775351	-0.002059
151.000000	19.521000	150.806800	0.000993
152.000000	19.523000	150.838252	-0.001607
153.000000	19.525000	150.869706	-0.000399
154.000000	19.527000	150.901165	-0.000277
155.000000	19.529000	150.932627	-0.000875
156.000000	19.531000	150.964092	-0.001485
157.000000	19.533000	150.995560	-0.002242
158.000000	19.535000	151.027032	-0.000228
159.000000	19.537000	151.058507	-0.001925
160.000000	19.539000	151.089985	-0.002059
161.000000	19.541000	151.121466	-0.001937
162.000000	19.543000	151.152951	0.001664
163.000000	19.545000	151.184439	-0.000106
164.000000	19.547000	151.215930	0.000517
165.000000	19.549000	151.247424	0.000126
166.000000	19.551000	151.278922	0.003812
167.000000	19.553000	151.310423	0.001847
168.000000	19.555000	151.341927	0.001664
169.000000	19.557000	151.373435	0.001493
170.000000	19.559000	151.404946	0.000675
171.000000	19.561000	151.436460	-0.000240
172.000000	19.563000	151.467978	-0.002071
173.000000	19.565000	151.499499	-0.002010
174.000000	19.567000	151.531023	-0.003475
175.000000	19.569000	151.562550	-0.005648
176.000000	19.571000	151.594080	-0.008407
177.000000	19.573000	151.625614	-0.011227
178.000000	19.575000	151.657151	-0.004867
179.000000	19.577000	151.688692	-0.013338
180.000000	19.579000	151.720236	-0.015731
181.000000	19.581000	151.751783	-0.017782
182.000000	19.583000	151.783333	-0.025594
183.000000	19.585000	151.814886	-0.030709
184.000000	19.587000	151.846443	-0.040377
185.000000	19.589000	151.878003	-0.037679
186.000000	19.591000	151.909567	-0.060897
187.000000	19.593000	151.941133	-0.057918
188.000000	19.595000	151.972703	-0.063631
189.000000	19.597000	152.004276	-0.065145
190.000000	19.599000	152.035853	-0.062643
191.000000	19.601000	152.067433	-0.048678
192.000000	19.603000	152.099016	-0.037972
193.000000	19.605000	152.130602	-0.020187
194.000000	19.607000	152.162192	-0.004989
195.000000	19.609000	152.193785	-0.017831
196.000000	19.611000	152.225381	-0.005062
197.000000	19.613000	152.256980	-0.010177
198.000000	19.615000	152.288583	-0.008370
199.000000	19.617000	152.320189	-0.009957
200.000000	19.619000	152.351798	-0.014107
201.000000	19.621000	152.383411	-0.012447
202.000000	19.623000	152.415027	-0.008468
203.000000	19.625000	152.446646	-0.021798
204.000000	19.627000	152.478268	-0.021822
205.000000	19.629000	152.509894	-0.024105
206.000000	19.631000	152.541523	-0.033102
207.000000	19.633000	152.573155	-0.035323
208.000000	19.635000	152.604791	-0.048958
209.000000	19.637000	152.636430	-0.073507
210.000000	19.639000	152.668071	-0.082235
211.000000	19.641000	152.699717	-0.101156
212.000000	19.643000	152.731365	-0.118648
213.000000	19.645000	152.763017	-0.149752
214.000000	19.647000	152.794673	-0.158480
215.000000	19.649000	152.826331	-0.173495
216.000000	19.651000	152.857993	-0.199532
217.000000	19.653000	152.889658	-0.231222
218.000000	19.655000	152.921326	-0.302120
219.000000	19.657000	152.952998	-0.338143
220.000000	19.659000	152.984673	-0.370882
221.000000	19.661000	153.016351	-0.441756
222.000000	19.663000	153.048032	-0.386776
223.000000	19.665000	153.079717	-0.357162
224.000000	19.667000	153.111405	-0.273080
225.000000	19.669000	153.143096	-0.215157
226.000000	19.671000	153.174791	-0.136190
227.000000	19.673000	153.206489	-0.106588
228.000000	19.675000	153.238190	-0.058785
229.000000	19.677000	153.269894	-0.058211
230.000000	19.679000	153.301602	-0.066097
231.000000	19.681000	153.333313	-0.054647
232.000000	19.683000	153.365027	-0.064608
233.000000	19.685000	153.396744	-0.072665
234.000000	19.687000	153.428465	-0.081893
235.000000	19.689000	153.460189	-0.074325
236.000000	19.691000	153.491917	-0.103512
237.000000	19.693000	153.523647	-0.107503
238.000000	19.695000	153.555381	-0.130917
239.000000	19.697000	153.587118	-0.154793
240.000000	19.699000	153.618859	-0.166109
241.000000	19.701000	153.650603	-0.225143
242.000000	19.703000	153.682350	-0.235555
243.000000	19.705000	153.714100	-0.280379
244.000000	19.707000	153.745854	-0.333382
245.000000	19.709000	153.777611	-0.369881
246.000000	19.711000	153.809370	-0.431515
247.000000	19.713000	153.841134	-0.488680
248.000000	19.715000	153.872901	-0.546175
249.000000	19.717000	153.904671	-0.588949
250.000000	19.719000	153.936444	-0.625728
251.000000	19.721000	153.968221	-0.645211
252.000000	19.723000	154.000000	-0.652816
253.000000	19.725000	154.031784	-0.654000
254.000000	19.727000	154.063570	-0.654000
255.000000	19.729000	154.095360	-0.653463
256.000000	19.731000	154.127152	-0.650936
257.000000	19.733000	154.158948	-0.632101
258.000000	19.735000	154.190748	-0.500021
259.000000	19.737000	154.222551	-0.309579
260.000000	19.739000	154.254357	-0.151754
261.000000	19.741000	154.286166	-0.106271
262.000000	19.743000	154.317979	-0.091402
263.000000	19.745000	154.349795	-0.089620
264.000000	19.747000	154.381613	-0.075753
265.000000	19.749000	154.413436	-0.078475
266.000000	19.751000	154.445262	-0.066988
267.000000	19.753000	154.477091	-0.052792
268.000000	19.755000	154.508923	-0.040853
269.000000	19.757000	154.540759	-0.040426
270.000000	19.759000	154.572598	-0.026266
271.000000	19.761000	154.604439	-0.037936
272.000000	19.763000	154.636285	-0.037105
273.000000	19.765000	154.668134	-0.045248
274.000000	19.767000	154.699986	-0.040316
275.000000	19.769000	154.731841	-0.055880
276.000000	19.771000	154.763700	-0.070040
277.000000	19.773000	154.795562	-0.065414
278.000000	19.775000	154.827426	-0.078451
279.000000	19.777000	154.859295	-0.096444
280.000000	19.779000	154.891166	-0.087154
281.000000	19.781000	154.923042	-0.120052
282.000000	19.783000	154.954920	-0.139645
283.000000	19.785000	154.986802	-0.190755
284.000000	19.787000	155.018686	-0.196175
285.000000	19.789000	155.050574	-0.185506
286.000000	19.791000	155.082465	-0.143453
287.000000	19.793000	155.114360	-0.137887
288.000000	19.795000	155.146258	-0.069955
289.000000	19.797000	155.178159	-0.050289
290.000000	19.799000	155.210064	-0.026070
291.000000	19.801000	155.241971	-0.029500
292.000000	19.803000	155.273882	-0.023580
293.000000	19.805000	155.305797	-0.022665
294.000000	19.807000	155.337714	-0.018600
295.000000	19.809000	155.369635	-0.021468
296.000000	19.811000	155.401559	-0.017416
297.000000	19.813000	155.433487	-0.016634
298.000000	19.815000	155.465417	-0.008321
299.000000	19.817000	155.497350	-0.011544
300.000000	19.819000	155.529288	-0.011666
301.000000	19.821000	155.561228	-0.005050
302.000000	19.823000	155.593173	-0.009737
303.000000	19.825000	155.625119	-0.007235
304.000000	19.827000	155.657070	-0.008065
305.000000	19.829000	155.689023	-0.004659
306.000000	19.831000	155.720980	-0.011898
307.000000	19.833000	155.752941	-0.007674
308.000000	19.835000	155.784904	-0.010458
309.000000	19.837000	155.816871	-0.016061
310.000000	19.839000	155.848841	-0.009945
311.000000	19.841000	155.880815	-0.010641
312.000000	19.843000	155.912791	-0.009847
313.000000	19.845000	155.944770	-0.015487
314.000000	19.847000	155.976754	-0.020992
315.000000	19.849000	156.008740	-0.025497
316.000000	19.851000	156.040730	-0.025338
317.000000	19.853000	156.072723	-0.023604
318.000000	19.855000	156.104719	-0.015011
319.000000	19.857000	156.136719	-0.017977
320.000000	19.859000	156.168722	-0.003097
321.000000	19.861000	156.200728	-0.002120
322.000000	19.863000	156.232737	-0.000997
323.000000	19.865000	156.264750	-0.002254
324.000000	19.867000	156.296765	-0.002218
325.000000	19.869000	156.328785	-0.001192
326.000000	19.871000	156.360807	-0.004476
327.000000	19.873000	156.392833	0.000480
328.000000	19.875000	156.424862	-0.003573
329.000000	19.877000	156.456894	0.001615
330.000000	19.879000	156.488930	-0.001644
331.000000	19.881000	156.520969	0.001371
332.000000	19.883000	156.553011	-0.000265
333.000000	19.885000	156.585056	0.001542
334.000000	19.887000	156.617106	-0.000826
335.000000	19.889000	156.649157	-0.000692
336.000000	19.891000	156.681212	0.001664
337.000000	19.893000	156.713271	0.000956
338.000000	19.895000	156.745333	0.003129
339.000000	19.897000	156.777398	0.000089
340.000000	19.899000	156.809466	0.001054
341.000000	19.901000	156.841539	-0.002657
342.000000	19.903000	156.873613	0.000163
343.000000	19.905000	156.905691	-0.000387
344.000000	19.907000	156.937773	0.000260
345.000000	19.909000	156.969858	0.000370
346.000000	19.911000	157.001946	-0.003072
347.000000	19.913000	157.034037	-0.000704
348.000000	19.915000	157.066132	-0.001327
349.000000	19.917000	157.098230	-0.005526
350.000000	19.919000	157.130331	-0.002047
351.000000	19.921000	157.162436	-0.002486
352.000000	19.923000	157.194543	-0.001632
353.000000	19.925000	157.226655	-0.001290
354.000000	19.927000	157.258768	-0.000204
355.000000	19.929000	157.290887	-0.000484
356.000000	19.931000	157.323007	-0.000509
357.000000	19.933000	157.355131	-0.001083
358.000000	19.935000	157.387259	-0.000228
359.000000	19.937000	157.419389	0.000761
360.000000	19.939000	157.451524	-0.000802
361.000000	19.941000	157.483661	-0.003536
362.000000	19.943000	157.515802	0.000370
363.000000	19.945000	157.547945	-0.002022
364.000000	19.947000	157.580092	-0.001375
365.000000	19.949000	157.612243	-0.002779
366.000000	19.951000	157.644396	-0.001632
367.000000	19.953000	157.676553	-0.000716
368.000000	19.955000	157.708713	-0.002840
369.000000	19.957000	157.740877	-0.000191
370.000000	19.959000	157.773044	-0.000606
371.000000	19.961000	157.805213	0.000297
372.000000	19.963000	157.837387	-0.001107
373.000000	19.965000	157.869563	-0.001681
374.000000	19.967000	157.901744	-0.001327
375.000000	19.969000	157.933927	-0.003207
376.000000	19.971000	157.966114	-0.001888
377.000000	19.973000	157.998303	-0.004098
378.000000	19.975000	158.030496	-0.001803
379.000000	19.977000	158.062693	0.000712
380.000000	19.979000	158.094892	-0.000057
381.000000	19.981000	158.127095	-0.001717
382.000000	19.983000	158.159301	0.000028
383.000000	19.985000	158.191511	-0.001253
384.000000	19.987000	158.223723	0.000041
385.000000	19.989000	158.255939	-0.001937
386.000000	19.991000	158.288158	0.000602
387.000000	19.993000	158.320381	-0.001913
388.000000	19.995000	158.352607	-0.000301
389.000000	19.997000	158.384836	-0.000802
390.000000	19.999000	158.417069	0.000480
391.000000	20.001000	158.449304	0.001505
392.000000	20.003000	158.481542	0.001615
393.000000	20.005000	158.513785	0.000907
394.000000	20.007000	158.546030	0.001457
395.000000	20.009000	158.578280	0.002812
396.000000	20.011000	158.610531	0.002506
397.000000	20.013000	158.642787	0.002213
398.000000	20.015000	158.675045	0.002287
399.000000	20.017000	158.707307	0.001884
400.000000	20.019000	158.739572	0.000626
401.000000	20.021000	158.771840	0.002445
402.000000	20.023000	158.804113	0.000529
403.000000	20.025000	158.836387	0.002921
404.000000	20.027000	158.868666	0.001701
405.000000	20.029000	158.900947	0.002152
406.000000	20.031000	158.933232	0.002995
407.000000	20.033000	158.965520	0.002421
408.000000	20.035000	158.997811	0.001103
409.000000	20.037000	159.030107	0.001347
410.000000	20.039000	159.062404	0.000407
411.000000	20.041000	159.094706	0.002519
412.000000	20.043000	159.127010	0.001103
413.000000	20.045000	159.159318	0.002897
414.000000	20.047000	159.191629	0.001261
415.000000	20.049000	159.223943	0.001103
416.000000	20.051000	159.256261	0.003092
417.000000	20.053000	159.288582	0.002006
418.000000	20.055000	159.320907	0.002226
419.000000	20.057000	159.353234	0.001420
420.000000	20.059000	159.385564	0.000773
421.000000	20.061000	159.417899	-0.000509
422.000000	20.063000	159.450236	0.001164
423.000000	20.065000	159.482577	0.002946
424.000000	20.067000	159.514920	0.002909
425.000000	20.069000	159.547268	0.001676
426.000000	20.071000	159.579618	0.000980
427.000000	20.073000	159.611971	0.000041
428.000000	20.075000	159.644329	0.001457
429.000000	20.077000	159.676689	0.001640
430.000000	20.079000	159.709053	0.001469
431.000000	20.081000	159.741419	0.001310
432.000000	20.083000	159.773790	0.001383
433.000000	20.085000	159.806163	0.000102
434.000000	20.087000	159.838539	0.000919
435.000000	20.089000	159.870920	0.001054
436.000000	20.091000	159.903302	0.001994
437.000000	20.093000	159.935689	0.001920
438.000000	20.095000	159.968079	-0.000814
439.000000	20.097000	160.000472	0.002409
440.000000	20.099000	160.032868	0.001859
441.000000	20.101000	160.065268	0.001872
442.000000	20.103000	160.097671	0.001481
443.000000	20.105000	160.130077	0.002543
444.000000	20.107000	160.162487	0.001176
445.000000	20.109000	160.194899	0.001542
446.000000	20.111000	160.227316	0.000919
447.000000	20.113000	160.259735	-0.000350
448.000000	20.115000	160.292157	0.001200
449.000000	20.117000	160.324583	0.000480
450.000000	20.119000	160.357012	0.001957
451.000000	20.121000	160.389445	0.001249
452.000000	20.123000	160.421880	0.001322
453.000000	20.125000	160.454320	0.001457
454.000000	20.127000	160.486762	0.001420
455.000000	20.129000	160.519208	0.000016
456.000000	20.131000	160.551656	0.001469
457.000000	20.133000	160.584108	0.001579
458.000000	20.135000	160.616564	0.000907
459.000000	20.137000	160.649022	0.002885
460.000000	20.139000	160.681484	0.001249
461.000000	20.141000	160.713949	0.001237
462.000000	20.143000	160.746418	0.002677
463.000000	20.145000	160.778890	0.001139
464.000000	20.147000	160.811364	0.000858
465.000000	20.149000	160.843843	0.001505
466.000000	20.151000	160.876324	0.002665
467.000000	20.153000	160.908810	0.001151
468.000000	20.155000	160.941298	0.000822
469.000000	20.157000	160.973790	0.002262
470.000000	20.159000	161.006284	0.001579
471.000000	20.161000	161.038781	0.001872
472.000000	20.163000	161.071283	0.001627
473.000000	20.165000	161.103787	0.002213
474.000000	20.167000	161.136296	0.003544
475.000000	20.169000	161.168807	0.002738
476.000000	20.171000	161.201322	0.002201
477.000000	20.173000	161.233839	0.001872
478.000000	20.175000	161.266359	0.001798
479.000000	20.177000	161.298884	0.002470
480.000000	20.179000	161.331411	0.002372
481.000000	20.181000	161.363943	0.001029
482.000000	20.183000	161.396476	0.002921
483.000000	20.185000	161.429014	0.002409
484.000000	20.187000	161.461554	0.003349
485.000000	20.189000	161.494098	0.003202
486.000000	20.191000	161.526646	0.002238
487.000000	20.193000	161.559196	0.003129
488.000000	20.195000	161.591750	0.002042
489.000000	20.197000	161.624307	0.001493
490.000000	20.199000	161.656868	0.003495
491.000000	20.201000	161.689431	0.003385
492.000000	20.203000	161.721997	0.002006
493.000000	20.205000	161.754568	0.002262
494.000000	20.207000	161.787141	0.002482
495.000000	20.209000	161.819718	0.003849
496.000000	20.211000	161.852298	0.002982
497.000000	20.213000	161.884882	0.002580
498.000000	20.215000	161.917468	0.001652
499.000000	20.217000	161.950057	0.003068
500.000000	20.219000	161.982651	0.002348
501.000000	20.221000	162.015248	0.003056
502.000000	20.223000	162.047847	0.002787
503.000000	20.225000	162.080450	0.002982
504.000000	20.227000	162.113055	0.002042
505.000000	20.229000	162.145664	0.003605
506.000000	20.231000	162.178279	0.002921
507.000000	20.233000	162.210894	0.003117
508.000000	20.235000	162.243513	0.003007
509.000000	20.237000	162.276136	0.001518
510.000000	20.239000	162.308763	0.001469
511.000000	20.241000	162.341392	0.003080
512.000000	20.243000	162.374024	0.002018
513.000000	20.245000	162.406659	0.001310
514.000000	20.247000	162.439298	0.003764
515.000000	20.249000	162.471942	0.002726
516.000000	20.251000	162.504587	0.001542
517.000000	20.253000	162.537235	0.002848
518.000000	20.255000	162.569887	0.000395
519.000000	20.257000	162.602544	0.003007
520.000000	20.259000	162.635202	0.002091
521.000000	20.261000	162.667864	0.002860
522.000000	20.263000	162.700529	0.002348
523.000000	20.265000	162.733197	0.001933
524.000000	20.267000	162.765870	0.002213
525.000000	20.269000	162.798545	0.001933
526.000000	20.271000	162.831223	0.000956
527.000000	20.273000	162.863904	0.003080
528.000000	20.275000	162.896589	0.002104
529.000000	20.277000	162.929278	0.002189
530.000000	20.279000	162.961969	0.001469
531.000000	20.281000	162.994664	0.003483
532.000000	20.283000	163.027361	0.003898
533.000000	20.285000	163.060064	0.001994
534.000000	20.287000	163.092768	0.003263
535.000000	20.289000	163.125476	0.002055
536.000000	20.291000	163.158187	0.002006
537.000000	20.293000	163.190901	0.001688
538.000000	20.295000	163.223620	0.001945
539.000000	20.297000	163.256341	0.002372
540.000000	20.299000	163.289064	0.002580
541.000000	20.301000	163.321792	0.002494
542.000000	20.303000	163.354522	0.001652
543.000000	20.305000	163.387258	0.002030
544.000000	20.307000	163.419995	0.002531
545.000000	20.309000	163.452735	0.001298
546.000000	20.311000	163.485478	0.003166
547.000000	20.313000	163.518227	0.002360
548.000000	20.315000	163.550977	0.002519
549.000000	20.317000	163.583731	0.002604
550.000000	20.319000	163.616487	0.002641
551.000000	20.321000	163.649247	0.001432
552.000000	20.323000	163.682012	0.002433
553.000000	20.325000	163.714779	0.002494
554.000000	20.327000	163.747549	0.001737
555.000000	20.329000	163.780322	0.002543
556.000000	20.331000	163.813098	0.002665
557.000000	20.333000	163.845880	0.002592
558.000000	20.335000	163.878663	0.001420
559.000000	20.337000	163.911449	-0.001156
560.000000	20.339000	163.944238	-0.000484
561.000000	20.341000	163.977033	-0.000106
562.000000	20.343000	164.009829	-0.002499
563.000000	20.345000	164.042628	-0.000619
564.000000	20.347000	164.075431	0.002104
565.000000	20.349000	164.108237	0.001420
566.000000	20.351000	164.141048	0.003129
567.000000	20.353000	164.173860	0.002738
568.000000	20.355000	164.206676	0.002677
569.000000	20.357000	164.239495	0.003031
570.000000	20.359000	164.272317	0.003556
571.000000	20.361000	164.305145	0.001273
572.000000	20.363000	164.337973	0.002042
573.000000	20.365000	164.370806	0.003080
574.000000	20.367000	164.403641	0.001066
575.000000	20.369000	164.436482	-0.002718
576.000000	20.371000	164.469323	0.002055
577.000000	20.373000	164.502169	-0.000362
578.000000	20.375000	164.535017	0.001347
579.000000	20.377000	164.567869	0.000993
580.000000	20.379000	164.600726	-0.001144
581.000000	20.381000	164.633584	-0.001717
582.000000	20.383000	164.666446	-0.003329
583.000000	20.385000	164.699311	-0.001803
584.000000	20.387000	164.732179	-0.006612
585.000000	20.389000	164.765052	-0.006173
586.000000	20.391000	164.797927	-0.016415
587.000000	20.393000	164.830805	-0.022616
588.000000	20.395000	164.863686	-0.025094
589.000000	20.397000	164.896573	-0.045699
590.000000	20.399000	164.929461	-0.038351
591.000000	20.401000	164.962352	-0.058419
592.000000	20.403000	164.995246	-0.042672
593.000000	20.405000	165.028144	-0.026522
594.000000	20.407000	165.061047	-0.022005
595.000000	20.409000	165.093951	-0.005172
596.000000	20.411000	165.126859	-0.008053
597.000000	20.413000	165.159769	0.000846
598.000000	20.415000	165.192683	-0.000802
599.000000	20.417000	165.225603	0.001750
600.000000	20.419000	165.258523	0.000993
601.000000	20.421000	165.291447	0.000077
602.000000	20.423000	165.324375	-0.000094
603.000000	20.425000	165.357307	-0.001107
604.000000	20.427000	165.390241	-0.000802
605.000000	20.429000	165.423178	0.003117
606.000000	20.431000	165.456118	0.001444
607.000000	20.433000	165.489062	-0.002267
608.000000	20.435000	165.522010	0.003141
609.000000	20.437000	165.554961	-0.003365
610.000000	20.439000	165.587914	0.001420
611.000000	20.441000	165.620871	-0.003353
612.000000	20.443000	165.653831	-0.001046
613.000000	20.445000	165.686796	-0.002596
614.000000	20.447000	165.719763	-0.003255
615.000000	20.449000	165.752732	-0.003622
616.000000	20.451000	165.785705	-0.001632
617.000000	20.453000	165.818684	-0.008077
618.000000	20.455000	165.851663	-0.008370
619.000000	20.457000	165.884646	-0.013436
620.000000	20.459000	165.917633	-0.020467
621.000000	20.461000	165.950622	-0.015218
622.000000	20.463000	165.983617	-0.020760
623.000000	20.465000	166.016613	-0.016415
624.000000	20.467000	166.049612	-0.010873
625.000000	20.469000	166.082615	-0.000655
626.000000	20.471000	166.115621	-0.004110
627.000000	20.473000	166.148632	0.001627
628.000000	20.475000	166.181644	0.003263
629.000000	20.477000	166.214660	0.002116
630.000000	20.479000	166.247679	0.001273
631.000000	20.481000	166.280703	0.002091
632.000000	20.483000	166.313729	0.001920
633.000000	20.485000	166.346758	0.001981
634.000000	20.487000	166.379790	0.001139
635.000000	20.489000	166.412825	0.000370
636.000000	20.491000	166.445866	0.001933
637.000000	20.493000	166.478908	0.000993
638.000000	20.495000	166.511953	-0.000924
639.000000	20.497000	166.545002	0.000846
640.000000	20.499000	166.578056	0.001334
641.000000	20.501000	166.611111	0.000187
642.000000	20.503000	166.644169	-0.004647
643.000000	20.505000	166.677231	0.001090
644.000000	20.507000	166.710296	-0.002547
645.000000	20.509000	166.743366	-0.001607
646.000000	20.511000	166.776437	-0.002010
647.000000	20.513000	166.809512	-0.000155
648.000000	20.515000	166.842590	-0.003939
649.000000	20.517000	166.875671	-0.011678
650.000000	20.519000	166.908758	-0.019796
651.000000	20.521000	166.941846	-0.011800
652.000000	20.523000	166.974937	-0.012630
653.000000	20.525000	167.008032	-0.011471
654.000000	20.527000	167.041131	-0.009505
655.000000	20.529000	167.074232	-0.009688
656.000000	20.531000	167.107337	-0.007564
657.000000	20.533000	167.140444	-0.005111
658.000000	20.535000	167.173555	-0.001632
659.000000	20.537000	167.206671	-0.008565
660.000000	20.539000	167.239788	0.000260
661.000000	20.541000	167.272909	-0.005648
662.000000	20.543000	167.306033	-0.002657
663.000000	20.545000	167.339160	-0.003744
664.000000	20.547000	167.372293	-0.003280
665.000000	20.549000	167.405427	-0.006380
666.000000	20.551000	167.438564	-0.002022
667.000000	20.553000	167.471704	-0.004049
668.000000	20.555000	167.504850	-0.003817
669.000000	20.557000	167.537996	-0.002376
670.000000	20.559000	167.571147	-0.004708
671.000000	20.561000	167.604300	-0.007552
672.000000	20.563000	167.637457	-0.005904
673.000000	20.565000	167.670619	-0.013766
674.000000	20.567000	167.703782	-0.006600
675.000000	20.569000	167.736949	-0.017013
676.000000	20.571000	167.770119	-0.016537
677.000000	20.573000	167.803292	-0.011678
678.000000	20.575000	167.836470	-0.018392
679.000000	20.577000	167.869650	-0.021102
680.000000	20.579000	167.902833	-0.034103
681.000000	20.581000	167.936019	-0.053841
682.000000	20.583000	167.969211	-0.049166
683.000000	20.585000	168.002404	-0.048458
684.000000	20.587000	168.035600	-0.033272
685.000000	20.589000	168.068799	-0.030038
686.000000	20.591000	168.102002	-0.022628
687.000000	20.593000	168.135210	-0.008761
688.000000	20.595000	168.168419	-0.001852
689.000000	20.597000	168.201631	-0.000448
690.000000	20.599000	168.234847	-0.002254
691.000000	20.601000	168.268066	0.001774
692.000000	20.603000	168.301290	-0.001339
693.000000	20.605000	168.334516	-0.000484
694.000000	20.607000	168.367745	-0.003622
695.000000	20.609000	168.400977	-0.004732
696.000000	20.611000	168.434215	0.000492
697.000000	20.613000	168.467453	0.000114
698.000000	20.615000	168.500695	0.001225
699.000000	20.617000	168.533941	-0.000509
700.000000	20.619000	168.567189	0.001164
701.000000	20.621000	168.600443	0.001066
702.000000	20.623000	168.633698	0.002482
703.000000	20.625000	168.666957	-0.005038
704.000000	20.627000	168.700218	-0.001949
705.000000	20.629000	168.733483	-0.005978
706.000000	20.631000	168.766753	-0.004354
707.000000	20.633000	168.800025	-0.006502
708.000000	20.635000	168.833300	-0.008407
709.000000	20.637000	168.866578	-0.013302
710.000000	20.639000	168.899861	-0.009615
711.000000	20.641000	168.933146	-0.008700
712.000000	20.643000	168.966434	-0.021480
713.000000	20.645000	168.999725	-0.010091
714.000000	20.647000	169.033020	-0.013521
715.000000	20.649000	169.066319	-0.006856
716.000000	20.651000	169.099620	-0.004989
717.000000	20.653000	169.132925	-0.001412
718.000000	20.655000	169.166232	0.000663
719.000000	20.657000	169.199543	0.001933
720.000000	20.659000	169.232859	0.001981
721.000000	20.661000	169.266177	0.000626
722.000000	20.663000	169.299497	0.001859
723.000000	20.665000	169.332821	-0.001583
724.000000	20.667000	169.366151	-0.001693
725.000000	20.669000	169.399481	-0.002010
726.000000	20.671000	169.432815	0.000016
727.000000	20.673000	169.466152	-0.004415
728.000000	20.675000	169.499493	-0.000008
729.000000	20.677000	169.532838	-0.001559
730.000000	20.679000	169.566185	-0.000692
731.000000	20.681000	169.599535	-0.005819
732.000000	20.683000	169.632889	-0.004830
733.000000	20.685000	169.666246	-0.005794
734.000000	20.687000	169.699608	-0.008077
735.000000	20.689000	169.732971	-0.009347
736.000000	20.691000	169.766338	-0.014303
737.000000	20.693000	169.799708	-0.013680
738.000000	20.695000	169.833083	-0.018978
739.000000	20.697000	169.866459	-0.027608
740.000000	20.699000	169.899839	-0.039156
741.000000	20.701000	169.933222	-0.041195
742.000000	20.703000	169.966608	-0.058529
743.000000	20.705000	170.000000	-0.047835
744.000000	20.707000	170.033393	-0.037606
745.000000	20.709000	170.066789	-0.024532
746.000000	20.711000	170.100188	-0.008663
747.000000	20.713000	170.133591	0.002799
748.000000	20.715000	170.166999	-0.000313
749.000000	20.717000	170.200408	0.002189
750.000000	20.719000	170.233821	0.000102
751.000000	20.721000	170.267237	-0.002938
752.000000	20.723000	170.300658	0.003031
753.000000	20.725000	170.334080	0.001725
754.000000	20.727000	170.367506	0.002226
755.000000	20.729000	170.400935	0.000102
756.000000	20.731000	170.434367	0.001383
757.000000	20.733000	170.467805	0.002250
758.000000	20.735000	170.501243	0.003141
759.000000	20.737000	170.534685	0.002653
760.000000	20.739000	170.568131	0.000700
761.000000	20.741000	170.601579	0.002677
762.000000	20.743000	170.635033	0.000590
763.000000	20.745000	170.668488	0.001395
764.000000	20.747000	170.701947	0.000016
765.000000	20.749000	170.735409	-0.001766
766.000000	20.751000	170.768876	0.001884
767.000000	20.753000	170.802344	-0.000436
768.000000	20.755000	170.835815	0.000175
769.000000	20.757000	170.869290	-0.000436
770.000000	20.759000	170.902768	0.000260
771.000000	20.761000	170.936252	-0.006246
772.000000	20.763000	170.969736	-0.004562
773.000000	20.765000	171.003224	-0.001034
774.000000	20.767000	171.036716	-0.003915
775.000000	20.769000	171.070212	0.000578
776.000000	20.771000	171.103710	0.001457
777.000000	20.773000	171.137211	0.000077
778.000000	20.775000	171.170715	0.002287
779.000000	20.777000	171.204223	0.002421
780.000000	20.779000	171.237736	0.001493
781.000000	20.781000	171.271250	0.002848
782.000000	20.783000	171.304768	0.001676
783.000000	20.785000	171.338288	0.001408
784.000000	20.787000	171.371813	0.001811
785.000000	20.789000	171.405342	0.003263
786.000000	20.791000	171.438872	0.002311
787.000000	20.793000	171.472406	0.003068
788.000000	20.795000	171.505943	0.003324
789.000000	20.797000	171.539486	0.002604
790.000000	20.799000	171.573030	0.001835
791.000000	20.801000	171.606577	0.002384
792.000000	20.803000	171.640127	0.002763
793.000000	20.805000	171.673680	0.001811
794.000000	20.807000	171.707239	0.004179
795.000000	20.809000	171.740799	0.002274
796.000000	20.811000	171.774363	0.001603
797.000000	20.813000	171.807929	0.001469
798.000000	20.815000	171.841499	0.000443
799.000000	20.817000	171.875075	0.001127
800.000000	20.819000	171.908651	0.001212
801.000000	20.821000	171.942231	0.001164
802.000000	20.823000	171.975814	0.001737
803.000000	20.825000	172.009402	-0.000411
804.000000	20.827000	172.042992	0.001896
805.000000	20.829000	172.076585	0.003373
806.000000	20.831000	172.110181	0.002067
807.000000	20.833000	172.143781	0.001762
808.000000	20.835000	172.177385	0.002677
809.000000	20.837000	172.210991	0.003239
810.000000	20.839000	172.244601	0.003434
811.000000	20.841000	172.278213	0.003275
812.000000	20.843000	172.311829	0.003397
813.000000	20.845000	172.345450	0.001957
814.000000	20.847000	172.379073	0.002921
815.000000	20.849000	172.412698	0.002250
816.000000	20.851000	172.446327	0.000492
817.000000	20.853000	172.479962	0.002543
818.000000	20.855000	172.513597	0.003703
819.000000	20.857000	172.547236	0.001969
820.000000	20.859000	172.580878	0.002116
821.000000	20.861000	172.614523	0.003178
822.000000	20.863000	172.648174	0.002934
823.000000	20.865000	172.681826	0.003483
824.000000	20.867000	172.715481	0.002384
825.000000	20.869000	172.749140	0.001957
826.000000	20.871000	172.782802	0.003422
827.000000	20.873000	172.816469	0.001200
828.000000	20.875000	172.850137	0.003275
829.000000	20.877000	172.883809	0.002848
830.000000	20.879000	172.917483	0.003410
831.000000	20.881000	172.951164	0.003349
832.000000	20.883000	172.984845	0.003349
833.000000	20.885000	173.018530	0.001371
834.000000	20.887000	173.052218	0.003898
835.000000	20.889000	173.085909	0.003678
836.000000	20.891000	173.119606	0.003239
837.000000	20.893000	173.153304	0.003129
838.000000	20.895000	173.187005	0.003068
839.000000	20.897000	173.220709	0.003800
840.000000	20.899000	173.254417	0.002580
841.000000	20.901000	173.288130	0.003788
842.000000	20.903000	173.321844	0.001786
843.000000	20.905000	173.355561	0.003336
844.000000	20.907000	173.389282	0.002726
845.000000	20.909000	173.423008	0.003617
846.000000	20.911000	173.456736	0.002384
847.000000	20.913000	173.490466	0.002775
848.000000	20.915000	173.524200	0.003996
849.000000	20.917000	173.557937	0.002824
850.000000	20.919000	173.591680	0.004301
851.000000	20.921000	173.625424	0.002812
852.000000	20.923000	173.659171	0.003776
853.000000	20.925000	173.692921	0.003007
854.000000	20.927000	173.726675	0.003263
855.000000	20.929000	173.760434	0.002042
856.000000	20.931000	173.794194	0.003544
857.000000	20.933000	173.827957	0.003483
858.000000	20.935000	173.861724	0.003520
859.000000	20.937000	173.895496	0.003141
860.000000	20.939000	173.929269	0.003214
861.000000	20.941000	173.963046	0.002323
862.000000	20.943000	173.996826	0.003788
863.000000	20.945000	174.030609	0.003593
864.000000	20.947000	174.064397	0.002409
865.000000	20.949000	174.098187	0.002702
866.000000	20.951000	174.131980	0.003410
867.000000	20.953000	174.165776	0.003190
868.000000	20.955000	174.199575	0.003617
869.000000	20.957000	174.233380	0.003837
870.000000	20.959000	174.267186	0.003080
871.000000	20.961000	174.300996	0.002580
872.000000	20.963000	174.334808	0.003935
873.000000	20.965000	174.368626	0.002714
874.000000	20.967000	174.402445	0.003227
875.000000	20.969000	174.436268	0.003642
876.000000	20.971000	174.470094	0.003434
877.000000	20.973000	174.503923	0.002921
878.000000	20.975000	174.537757	0.003117
879.000000	20.977000	174.571593	0.003300
880.000000	20.979000	174.605431	0.003446
881.000000	20.981000	174.639274	0.003043
882.000000	20.983000	174.673119	0.003434
883.000000	20.985000	174.706970	0.003568
884.000000	20.987000	174.740822	0.003397
885.000000	20.989000	174.774677	0.002958
886.000000	20.991000	174.808535	0.003654
887.000000	20.993000	174.842399	0.003007
888.000000	20.995000	174.876264	0.002909
889.000000	20.997000	174.910133	0.003373
890.000000	20.999000	174.944004	0.003678
891.000000	21.001000	174.977879	0.003446
892.000000	21.003000	175.011760	0.002689
893.000000	21.005000	175.045641	0.003019
894.000000	21.007000	175.079526	0.001225
895.000000	21.009000	175.113414	0.003678
896.000000	21.011000	175.147305	0.004020
897.000000	21.013000	175.181202	0.003642
898.000000	21.015000	175.215100	0.003446
899.000000	21.017000	175.249001	0.003874
900.000000	21.019000	175.282905	0.003007
901.000000	21.021000	175.316815	0.001908
902.000000	21.023000	175.350726	0.003544
903.000000	21.025000	175.384640	0.003251
904.000000	21.027000	175.418558	0.003080
905.000000	21.029000	175.452479	0.003678
906.000000	21.031000	175.486405	0.003593
907.000000	21.033000	175.520332	0.002653
908.000000	21.035000	175.554263	0.003861
909.000000	21.037000	175.588197	0.003141
910.000000	21.039000	175.622136	0.003422
911.000000	21.041000	175.656077	0.002421
912.000000	21.043000	175.690021	0.003971
913.000000	21.045000	175.723968	0.003153
914.000000	21.047000	175.757918	0.003605
915.000000	21.049000	175.791874	0.002628
916.000000	21.051000	175.825831	0.002946
917.000000	21.053000	175.859791	0.002519
918.000000	21.055000	175.893754	0.002433
919.000000	21.057000	175.927721	0.001603
920.000000	21.059000	175.961693	0.004264
921.000000	21.061000	175.995666	0.003068
922.000000	21.063000	176.029643	0.003336
923.000000	21.065000	176.063623	0.003300
924.000000	21.067000	176.097608	0.003227
925.000000	21.069000	176.131594	0.003361
926.000000	21.071000	176.165584	0.002982
927.000000	21.073000	176.199577	0.002970
928.000000	21.075000	176.233573	0.002812
929.000000	21.077000	176.267575	0.003874
930.000000	21.079000	176.301578	0.004057
931.000000	21.081000	176.335584	0.003141
932.000000	21.083000	176.369593	0.003532
933.000000	21.085000	176.403606	0.004057
934.000000	21.087000	176.437624	0.002958
935.000000	21.089000	176.471643	0.003251
936.000000	21.091000	176.505666	0.000822
937.000000	21.093000	176.539692	0.003129
938.000000	21.095000	176.573723	0.002946
939.000000	21.097000	176.607755	0.003349
940.000000	21.099000	176.641791	0.003043
941.000000	21.101000	176.675829	0.002982
942.000000	21.103000	176.709872	0.003092
943.000000	21.105000	176.743919	0.003385
944.000000	21.107000	176.777968	0.003300
945.000000	21.109000	176.812020	0.002592
946.000000	21.111000	176.846075	0.003581
947.000000	21.113000	176.880134	0.002055
948.000000	21.115000	176.914198	0.001481
949.000000	21.117000	176.948263	0.002287
950.000000	21.119000	176.982331	0.003019
951.000000	21.121000	177.016403	0.002555
952.000000	21.123000	177.050480	0.002189
953.000000	21.125000	177.084558	0.003617
954.000000	21.127000	177.118640	0.003007
955.000000	21.129000	177.152725	0.003117
956.000000	21.131000	177.186813	0.002799
957.000000	21.133000	177.220906	0.002787
958.000000	21.135000	177.255001	0.002836
959.000000	21.137000	177.289099	0.002226
960.000000	21.139000	177.323200	0.002396
961.000000	21.141000	177.357304	-0.000423
962.000000	21.143000	177.391414	0.001566
963.000000	21.145000	177.425525	0.002494
964.000000	21.147000	177.459639	0.000651
965.000000	21.149000	177.493757	0.000553
966.000000	21.151000	177.527880	-0.001083
967.000000	21.153000	177.562004	-0.000875
968.000000	21.155000	177.596132	-0.000838
969.000000	21.157000	177.630262	-0.001827
970.000000	21.159000	177.664396	-0.003280
971.000000	21.161000	177.698536	-0.006795
972.000000	21.163000	177.732676	-0.003963
973.000000	21.165000	177.766820	-0.001815
974.000000	21.167000	177.800967	-0.009017
975.000000	21.169000	177.835118	-0.009933
976.000000	21.171000	177.869273	-0.014876
977.000000	21.173000	177.903430	-0.025985
978.000000	21.175000	177.937591	-0.019137
979.000000	21.177000	177.971754	-0.015011
980.000000	21.179000	178.005923	-0.016720
981.000000	21.181000	178.040093	-0.008846
982.000000	21.183000	178.074266	0.000065
983.000000	21.185000	178.108443	-0.000118
984.000000	21.187000	178.142623	0.002018
985.000000	21.189000	178.176808	0.001579
986.000000	21.191000	178.210995	0.003666
987.000000	21.193000	178.245184	0.001408
988.000000	21.195000	178.279377	0.001298
989.000000	21.197000	178.313574	0.002445
990.000000	21.199000	178.347775	0.001908
991.000000	21.201000	178.381978	0.001688
992.000000	21.203000	178.416184	-0.000301
993.000000	21.205000	178.450394	0.004765
994.000000	21.207000	178.484609	0.002506
995.000000	21.209000	178.518825	0.002714
996.000000	21.211000	178.553044	0.002238
997.000000	21.213000	178.587266	0.000614
998.000000	21.215000	178.621492	0.001078
999.000000	21.217000	178.655723	-0.002047
1000.000000	21.219000	178.689956	0.001554
