0.000000	18.749000	132.649760	-0.002316
1.000000	18.757000	132.769287	-0.002243
2.000000	18.765000	132.888868	-0.002048
3.000000	18.773000	133.008503	-0.002756
4.000000	18.781000	133.128191	-0.002609
5.000000	18.789000	133.247934	-0.002585
6.000000	18.797000	133.367730	-0.002365
7.000000	18.805000	133.487580	-0.002219
8.000000	18.813000	133.607484	-0.002219
9.000000	18.821000	133.727441	-0.002121
10.000000	18.829000	133.847453	-0.002365
11.000000	18.837000	133.967518	-0.002512
12.000000	18.845000	134.087637	-0.002561
13.000000	18.853000	134.207810	-0.002268
14.000000	18.861000	134.328037	-0.002365
15.000000	18.869000	134.448318	-0.002048
16.000000	18.877000	134.568652	-0.002146
17.000000	18.885000	134.689041	-0.002438
18.000000	18.893000	134.809483	-0.002609
19.000000	18.901000	134.929979	-0.002609
20.000000	18.909000	135.050529	-0.002683
21.000000	18.917000	135.171132	-0.002341
22.000000	18.925000	135.291790	-0.002414
23.000000	18.933000	135.412501	-0.002097
24.000000	18.941000	135.533266	-0.002365
25.000000	18.949000	135.654085	-0.002487
26.000000	18.957000	135.774958	-0.002731
27.000000	18.965000	135.895885	-0.002512
28.000000	18.973000	136.016865	-0.002121
29.000000	18.981000	136.137899	-0.002341
30.000000	18.989000	136.258987	-0.002634
31.000000	18.997000	136.380129	-0.002390
32.000000	19.005000	136.501325	-0.002683
33.000000	19.013000	136.622574	-0.002219
34.000000	19.021000	136.743878	-0.002561
35.000000	19.029000	136.865235	-0.002341
36.000000	19.037000	136.986646	-0.002536
37.000000	19.045000	137.108111	-0.002219
38.000000	19.053000	137.229630	-0.002951
39.000000	19.061000	137.351202	-0.002658
40.000000	19.069000	137.472829	-0.002634
41.000000	19.077000	137.594509	-0.002634
42.000000	19.085000	137.716242	-0.002268
43.000000	19.093000	137.838030	-0.002658
44.000000	19.101000	137.959872	-0.002756
45.000000	19.109000	138.081768	-0.002658
46.000000	19.117000	138.203717	-0.002487
47.000000	19.125000	138.325720	-0.002780
48.000000	19.133000	138.447777	-0.002927
49.000000	19.141000	138.569888	-0.002927
50.000000	19.149000	138.692052	-0.002780
51.000000	19.157000	138.814271	-0.003000
52.000000	19.165000	138.936543	-0.003098
53.000000	19.173000	139.058869	-0.002902
54.000000	19.181000	139.181249	-0.003049
55.000000	19.189000	139.303683	-0.002829
56.000000	19.197000	139.426170	-0.002683
57.000000	19.205000	139.548712	-0.002829
58.000000	19.213000	139.671307	-0.002512
59.000000	19.221000	139.793956	-0.003073
60.000000	19.229000	139.916659	-0.003903
61.000000	19.237000	140.039416	-0.004196
62.000000	19.245000	140.162226	-0.003342
63.000000	19.253000	140.285090	-0.003098
64.000000	19.261000	140.408009	-0.002951
65.000000	19.269000	140.530981	-0.003098
66.000000	19.277000	140.654006	-0.002585
67.000000	19.285000	140.777086	-0.003562
68.000000	19.293000	140.900220	-0.005368
69.000000	19.301000	141.023408	-0.008591
70.000000	19.309000	141.146648	-0.006345
71.000000	19.317000	141.269943	-0.003977
72.000000	19.325000	141.393292	-0.003610
73.000000	19.333000	141.516694	-0.003757
74.000000	19.341000	141.640151	-0.003708
75.000000	19.349000	141.763662	-0.006296
76.000000	19.357000	141.887226	-0.013889
77.000000	19.365000	142.010843	-0.032077
78.000000	19.373000	142.134515	-0.020920
79.000000	19.381000	142.258241	-0.006345
80.000000	19.389000	142.382021	-0.004294
81.000000	19.397000	142.505853	-0.003708
82.000000	19.405000	142.629741	-0.003415
83.000000	19.413000	142.753682	-0.003830
84.000000	19.421000	142.877676	-0.005051
85.000000	19.429000	143.001725	-0.010471
86.000000	19.437000	143.125827	-0.007297
87.000000	19.445000	143.249984	-0.004099
88.000000	19.453000	143.374193	-0.003146
89.000000	19.461000	143.498457	-0.003293
90.000000	19.469000	143.622775	-0.002805
91.000000	19.477000	143.747146	-0.002854
92.000000	19.485000	143.871572	-0.003366
93.000000	19.493000	143.996051	-0.004343
94.000000	19.501000	144.120585	-0.004538
95.000000	19.509000	144.245171	-0.003000
96.000000	19.517000	144.369812	-0.003146
97.000000	19.525000	144.494506	-0.002634
98.000000	19.533000	144.619254	-0.002854
99.000000	19.541000	144.744056	-0.003049
100.000000	19.549000	144.868913	-0.003171
101.000000	19.557000	144.993823	-0.003977
102.000000	19.565000	145.118786	-0.004172
103.000000	19.573000	145.243803	-0.003415
104.000000	19.581000	145.368875	-0.003366
105.000000	19.589000	145.493999	-0.002878
106.000000	19.597000	145.619179	-0.003049
107.000000	19.605000	145.744412	-0.003098
108.000000	19.613000	145.869698	-0.003195
109.000000	19.621000	145.995038	-0.003342
110.000000	19.629000	146.120433	-0.003610
111.000000	19.637000	146.245881	-0.002976
112.000000	19.645000	146.371382	-0.002731
113.000000	19.653000	146.496938	-0.003098
114.000000	19.661000	146.622548	-0.002976
115.000000	19.669000	146.748212	-0.003293
116.000000	19.677000	146.873928	-0.002927
117.000000	19.685000	146.999699	-0.003439
118.000000	19.693000	147.125525	-0.002927
119.000000	19.701000	147.251403	-0.003195
120.000000	19.709000	147.377335	-0.003000
121.000000	19.717000	147.503322	-0.003098
122.000000	19.725000	147.629362	-0.002854
123.000000	19.733000	147.755456	-0.003342
124.000000	19.741000	147.881604	-0.003195
125.000000	19.749000	148.007806	-0.003049
126.000000	19.757000	148.134060	-0.002902
127.000000	19.765000	148.260370	-0.002976
128.000000	19.773000	148.386733	-0.002829
129.000000	19.781000	148.513151	-0.003049
130.000000	19.789000	148.639622	-0.003317
131.000000	19.797000	148.766147	-0.003049
132.000000	19.805000	148.892723	-0.003244
133.000000	19.813000	149.019356	-0.003244
134.000000	19.821000	149.146042	-0.003464
135.000000	19.829000	149.272782	-0.003146
136.000000	19.837000	149.399576	-0.003098
137.000000	19.845000	149.526424	-0.003513
138.000000	19.853000	149.653326	-0.003562
139.000000	19.861000	149.780279	-0.005563
140.000000	19.869000	149.907289	-0.011081
141.000000	19.877000	150.034352	-0.013669
142.000000	19.885000	150.161469	-0.005148
143.000000	19.893000	150.288640	-0.003903
144.000000	19.901000	150.415864	-0.004147
145.000000	19.909000	150.543143	-0.003708
146.000000	19.917000	150.670473	-0.003977
147.000000	19.925000	150.797859	-0.006711
148.000000	19.933000	150.925299	-0.012204
149.000000	19.941000	151.052793	-0.013156
150.000000	19.949000	151.180341	-0.007785
151.000000	19.957000	151.307942	-0.005734
152.000000	19.965000	151.435597	-0.004685
153.000000	19.973000	151.563304	-0.005637
154.000000	19.981000	151.691067	-0.011984
155.000000	19.989000	151.818884	-0.042136
156.000000	19.997000	151.946755	-0.142233
157.000000	20.005000	152.074679	-0.129514
158.000000	20.013000	152.202657	-0.030173
159.000000	20.021000	152.330689	-0.012985
160.000000	20.029000	152.458775	-0.010422
161.000000	20.037000	152.586913	-0.013083
162.000000	20.045000	152.715106	-0.031662
163.000000	20.053000	152.843354	-0.117185
164.000000	20.061000	152.971655	-0.365183
165.000000	20.069000	153.100010	-0.348166
166.000000	20.077000	153.228419	-0.106857
167.000000	20.085000	153.356881	-0.043112
168.000000	20.093000	153.485396	-0.030661
169.000000	20.101000	153.613966	-0.034567
170.000000	20.109000	153.742590	-0.102170
171.000000	20.117000	153.871268	-0.331589
172.000000	20.125000	154.000000	-0.897531
173.000000	20.133000	154.128786	-0.669602
174.000000	20.141000	154.257625	-0.132077
175.000000	20.149000	154.386516	-0.066208
176.000000	20.157000	154.515463	-0.031101
177.000000	20.165000	154.644464	-0.019626
178.000000	20.173000	154.773519	-0.032712
179.000000	20.181000	154.902628	-0.094431
180.000000	20.189000	155.031790	-0.216745
181.000000	20.197000	155.161006	-0.109616
182.000000	20.205000	155.290274	-0.028659
183.000000	20.213000	155.419598	-0.019553
184.000000	20.221000	155.548976	-0.012033
185.000000	20.229000	155.678408	-0.010251
186.000000	20.237000	155.807893	-0.014890
187.000000	20.245000	155.937432	-0.034689
188.000000	20.253000	156.067025	-0.052341
189.000000	20.261000	156.196670	-0.023117
190.000000	20.269000	156.326371	-0.009128
191.000000	20.277000	156.456125	-0.007028
192.000000	20.285000	156.585934	-0.006149
193.000000	20.293000	156.715796	-0.007224
194.000000	20.301000	156.845712	-0.008298
195.000000	20.309000	156.975682	-0.012619
196.000000	20.317000	157.105703	-0.013571
197.000000	20.325000	157.235781	-0.007956
198.000000	20.333000	157.365912	-0.006979
199.000000	20.341000	157.496097	-0.006711
200.000000	20.349000	157.626336	-0.007126
201.000000	20.357000	157.756629	-0.006589
202.000000	20.365000	157.886975	-0.007736
203.000000	20.373000	158.017374	-0.008493
204.000000	20.381000	158.147828	-0.008029
205.000000	20.389000	158.278336	-0.006223
206.000000	20.397000	158.408898	-0.005490
207.000000	20.405000	158.539514	-0.005368
208.000000	20.413000	158.670183	-0.005979
209.000000	20.421000	158.800907	-0.005466
210.000000	20.429000	158.931682	-0.005881
211.000000	20.437000	159.062513	-0.007028
212.000000	20.445000	159.193398	-0.005393
213.000000	20.453000	159.324337	-0.004440
214.000000	20.461000	159.455329	-0.005075
215.000000	20.469000	159.586376	-0.004880
216.000000	20.477000	159.717476	-0.005319
217.000000	20.485000	159.848628	-0.005393
218.000000	20.493000	159.979836	-0.005734
219.000000	20.501000	160.111097	-0.006076
220.000000	20.509000	160.242413	-0.005100
221.000000	20.517000	160.373782	-0.005417
222.000000	20.525000	160.505205	-0.005271
223.000000	20.533000	160.636682	-0.005393
224.000000	20.541000	160.768211	-0.005002
225.000000	20.549000	160.899796	-0.004953
226.000000	20.557000	161.031434	-0.004880
227.000000	20.565000	161.163126	-0.004440
228.000000	20.573000	161.294873	-0.004318
229.000000	20.581000	161.426673	-0.004440
230.000000	20.589000	161.558526	-0.004221
231.000000	20.597000	161.690434	-0.004270
232.000000	20.605000	161.822393	-0.004318
233.000000	20.613000	161.954409	-0.004416
234.000000	20.621000	162.086478	-0.005051
235.000000	20.629000	162.218601	-0.004660
236.000000	20.637000	162.350777	-0.004147
237.000000	20.645000	162.483008	-0.004709
238.000000	20.653000	162.615292	-0.004294
239.000000	20.661000	162.747628	-0.004807
240.000000	20.669000	162.880020	-0.005271
241.000000	20.677000	163.012466	-0.005271
242.000000	20.685000	163.144966	-0.005124
243.000000	20.693000	163.277519	-0.004660
244.000000	20.701000	163.410127	-0.004221
245.000000	20.709000	163.542788	-0.003928
246.000000	20.717000	163.675501	-0.004807
247.000000	20.725000	163.808270	-0.006223
248.000000	20.733000	163.941092	-0.012180
249.000000	20.741000	164.073969	-0.010422
250.000000	20.749000	164.206899	-0.005368
251.000000	20.757000	164.339883	-0.004538
252.000000	20.765000	164.472919	-0.004245
253.000000	20.773000	164.606013	-0.004538
254.000000	20.781000	164.739157	-0.005686
255.000000	20.789000	164.872358	-0.012692
256.000000	20.797000	165.005609	-0.022287
257.000000	20.805000	165.138915	-0.011765
258.000000	20.813000	165.272277	-0.004782
259.000000	20.821000	165.405690	-0.004660
260.000000	20.829000	165.539161	-0.003855
261.000000	20.837000	165.672681	-0.005026
262.000000	20.845000	165.806259	-0.008713
263.000000	20.853000	165.939888	-0.021774
264.000000	20.861000	166.073569	-0.021433
265.000000	20.869000	166.207309	-0.007883
266.000000	20.877000	166.341099	-0.005612
267.000000	20.885000	166.474946	-0.004733
268.000000	20.893000	166.608843	-0.004514
269.000000	20.901000	166.742798	-0.006076
270.000000	20.909000	166.876803	-0.012595
271.000000	20.917000	167.010862	-0.022824
272.000000	20.925000	167.144978	-0.011765
273.000000	20.933000	167.279145	-0.005515
274.000000	20.941000	167.413369	-0.004440
275.000000	20.949000	167.547643	-0.004001
276.000000	20.957000	167.681975	-0.005368
277.000000	20.965000	167.816356	-0.009494
278.000000	20.973000	167.950792	-0.024362
279.000000	20.981000	168.085285	-0.021066
280.000000	20.989000	168.219828	-0.007346
281.000000	20.997000	168.354429	-0.005466
282.000000	21.005000	168.489080	-0.004611
283.000000	21.013000	168.623788	-0.005222
284.000000	21.021000	168.758547	-0.006442
285.000000	21.029000	168.893359	-0.014475
286.000000	21.037000	169.028229	-0.026389
287.000000	21.045000	169.163149	-0.013596
288.000000	21.053000	169.298127	-0.006662
289.000000	21.061000	169.433154	-0.005734
290.000000	21.069000	169.568240	-0.005075
291.000000	21.077000	169.703375	-0.006003
292.000000	21.085000	169.838564	-0.011862
293.000000	21.093000	169.973811	-0.029343
294.000000	21.101000	170.109108	-0.027194
295.000000	21.109000	170.244462	-0.008566
296.000000	21.117000	170.379866	-0.005246
297.000000	21.125000	170.515329	-0.005295
298.000000	21.133000	170.650841	-0.005930
299.000000	21.141000	170.786406	-0.011447
300.000000	21.149000	170.922030	-0.029343
301.000000	21.157000	171.057704	-0.055197
302.000000	21.165000	171.193435	-0.023264
303.000000	21.173000	171.329216	-0.006247
304.000000	21.181000	171.465055	-0.006101
305.000000	21.189000	171.600944	-0.004514
306.000000	21.197000	171.736886	-0.006174
307.000000	21.205000	171.872887	-0.013498
308.000000	21.213000	172.008937	-0.032810
309.000000	21.221000	172.145045	-0.023776
310.000000	21.229000	172.281203	-0.007370
311.000000	21.237000	172.417419	-0.005588
312.000000	21.245000	172.553684	-0.004733
313.000000	21.253000	172.690004	-0.004538
314.000000	21.261000	172.826381	-0.005417
315.000000	21.269000	172.962808	-0.008444
316.000000	21.277000	173.099293	-0.010446
317.000000	21.285000	173.235828	-0.005417
318.000000	21.293000	173.372420	-0.004074
319.000000	21.301000	173.509063	-0.004294
320.000000	21.309000	173.645763	-0.003732
321.000000	21.317000	173.782513	-0.004172
322.000000	21.325000	173.919317	-0.004611
323.000000	21.333000	174.056179	-0.005759
324.000000	21.341000	174.193090	-0.004538
325.000000	21.349000	174.330059	-0.003708
326.000000	21.357000	174.467078	-0.003513
327.000000	21.365000	174.604156	-0.003610
328.000000	21.373000	174.741282	-0.003781
329.000000	21.381000	174.878463	-0.004172
330.000000	21.389000	175.015701	-0.004074
331.000000	21.397000	175.152990	-0.004294
332.000000	21.405000	175.290336	-0.003903
333.000000	21.413000	175.427732	-0.003562
334.000000	21.421000	175.565186	-0.003708
335.000000	21.429000	175.702689	-0.003610
336.000000	21.437000	175.840247	-0.004709
337.000000	21.445000	175.977862	-0.006418
338.000000	21.453000	176.115527	-0.004758
339.000000	21.461000	176.253250	-0.003879
340.000000	21.469000	176.391023	-0.003855
341.000000	21.477000	176.528853	-0.003659
342.000000	21.485000	176.666734	-0.003928
343.000000	21.493000	176.804668	-0.003903
344.000000	21.501000	176.942660	-0.006442
345.000000	21.509000	177.080702	-0.006003
346.000000	21.517000	177.218801	-0.003903
347.000000	21.525000	177.356951	-0.003439
348.000000	21.533000	177.495158	-0.004025
349.000000	21.541000	177.633416	-0.004001
350.000000	21.549000	177.771726	-0.005368
351.000000	21.557000	177.910095	-0.011789
352.000000	21.565000	178.048514	-0.012546
353.000000	21.573000	178.186991	-0.006833
354.000000	21.581000	178.325517	-0.004270
355.000000	21.589000	178.464101	-0.004123
356.000000	21.597000	178.602735	-0.004270
357.000000	21.605000	178.741423	-0.006394
358.000000	21.613000	178.880168	-0.012692
359.000000	21.621000	179.018964	-0.022141
360.000000	21.629000	179.157817	-0.008859
361.000000	21.637000	179.296720	-0.004538
362.000000	21.645000	179.435681	-0.003952
363.000000	21.653000	179.574692	-0.004221
364.000000	21.661000	179.713756	-0.004709
365.000000	21.669000	179.852879	-0.010666
366.000000	21.677000	179.992051	-0.019162
367.000000	21.685000	180.131281	-0.011984
368.000000	21.693000	180.270561	-0.004660
369.000000	21.701000	180.409899	-0.003952
370.000000	21.709000	180.549286	-0.003903
371.000000	21.717000	180.688728	-0.003732
372.000000	21.725000	180.828227	-0.007126
373.000000	21.733000	180.967776	-0.013376
374.000000	21.741000	181.107383	-0.010031
375.000000	21.749000	181.247040	-0.004831
376.000000	21.757000	181.386754	-0.004196
377.000000	21.765000	181.526518	-0.004001
378.000000	21.773000	181.666337	-0.004074
379.000000	21.781000	181.806213	-0.006003
380.000000	21.789000	181.946138	-0.010935
381.000000	21.797000	182.086122	-0.011911
382.000000	21.805000	182.226156	-0.005173
383.000000	21.813000	182.366247	-0.004099
384.000000	21.821000	182.506388	-0.004050
385.000000	21.829000	182.646583	-0.003903
386.000000	21.837000	182.786836	-0.006760
387.000000	21.845000	182.927138	-0.012424
388.000000	21.853000	183.067499	-0.018186
389.000000	21.861000	183.207909	-0.008322
390.000000	21.869000	183.348377	-0.004367
391.000000	21.877000	183.488895	-0.004099
392.000000	21.885000	183.629467	-0.003757
393.000000	21.893000	183.770096	-0.005393
394.000000	21.901000	183.910776	-0.008884
395.000000	21.909000	184.051513	-0.012131
396.000000	21.917000	184.192300	-0.007102
397.000000	21.925000	184.333145	-0.004074
398.000000	21.933000	184.474040	-0.004050
399.000000	21.941000	184.614988	-0.003928
400.000000	21.949000	184.755995	-0.004416
401.000000	21.957000	184.897051	-0.007004
402.000000	21.965000	185.038165	-0.008542
403.000000	21.973000	185.179329	-0.005246
404.000000	21.981000	185.320550	-0.004270
405.000000	21.989000	185.461822	-0.003708
406.000000	21.997000	185.603147	-0.003928
407.000000	22.005000	185.744530	-0.004221
408.000000	22.013000	185.885963	-0.004807
409.000000	22.021000	186.027454	-0.007248
410.000000	22.029000	186.168995	-0.006003
411.000000	22.037000	186.310593	-0.004367
412.000000	22.045000	186.452241	-0.004001
413.000000	22.053000	186.593943	-0.004123
414.000000	22.061000	186.735704	-0.005222
415.000000	22.069000	186.877513	-0.009543
416.000000	22.077000	187.019381	-0.020480
417.000000	22.085000	187.161298	-0.015866
418.000000	22.093000	187.303274	-0.005661
419.000000	22.101000	187.445299	-0.004562
420.000000	22.109000	187.587377	-0.004196
421.000000	22.117000	187.729514	-0.004343
422.000000	22.125000	187.871701	-0.007175
423.000000	22.133000	188.013945	-0.012790
424.000000	22.141000	188.156239	-0.010422
425.000000	22.149000	188.298592	-0.004636
426.000000	22.157000	188.440993	-0.003830
427.000000	22.165000	188.583449	-0.003464
428.000000	22.173000	188.725963	-0.003391
429.000000	22.181000	188.868526	-0.005026
430.000000	22.189000	189.011147	-0.006931
431.000000	22.197000	189.153818	-0.005466
432.000000	22.205000	189.296547	-0.004172
433.000000	22.213000	189.439326	-0.003952
434.000000	22.221000	189.582158	-0.003586
435.000000	22.229000	189.725048	-0.003879
436.000000	22.237000	189.867988	-0.004660
437.000000	22.245000	190.010987	-0.005441
438.000000	22.253000	190.154034	-0.004636
439.000000	22.261000	190.297140	-0.003464
440.000000	22.269000	190.440295	-0.003513
441.000000	22.277000	190.583505	-0.003513
442.000000	22.285000	190.726772	-0.003732
443.000000	22.293000	190.870089	-0.005515
444.000000	22.301000	191.013463	-0.006809
445.000000	22.309000	191.156888	-0.003952
446.000000	22.317000	191.300371	-0.003464
447.000000	22.325000	191.443903	-0.003366
448.000000	22.333000	191.587489	-0.003562
449.000000	22.341000	191.731133	-0.004099
450.000000	22.349000	191.874826	-0.006467
451.000000	22.357000	192.018578	-0.008566
452.000000	22.365000	192.162379	-0.005222
453.000000	22.373000	192.306239	-0.003342
454.000000	22.381000	192.450147	-0.003684
455.000000	22.389000	192.594114	-0.003830
456.000000	22.397000	192.738131	-0.004367
457.000000	22.405000	192.882201	-0.006735
458.000000	22.413000	193.026330	-0.008664
459.000000	22.421000	193.170508	-0.004392
460.000000	22.429000	193.314744	-0.003708
461.000000	22.437000	193.459030	-0.003562
462.000000	22.445000	193.603374	-0.003439
463.000000	22.453000	193.747767	-0.003513
464.000000	22.461000	193.892214	-0.005075
465.000000	22.469000	194.036719	-0.006076
466.000000	22.477000	194.181274	-0.004733
467.000000	22.485000	194.325887	-0.003586
468.000000	22.493000	194.470550	-0.003244
469.000000	22.501000	194.615270	-0.003244
470.000000	22.509000	194.760040	-0.003757
471.000000	22.517000	194.904864	-0.004807
472.000000	22.525000	195.049746	-0.005612
473.000000	22.533000	195.194678	-0.003928
474.000000	22.541000	195.339668	-0.003342
475.000000	22.549000	195.484707	-0.003415
476.000000	22.557000	195.629804	-0.003464
477.000000	22.565000	195.774951	-0.003757
478.000000	22.573000	195.920152	-0.005051
479.000000	22.581000	196.065411	-0.005612
480.000000	22.589000	196.210719	-0.003732
481.000000	22.597000	196.356086	-0.003562
482.000000	22.605000	196.501502	-0.003513
483.000000	22.613000	196.646976	-0.003464
484.000000	22.621000	196.792500	-0.003903
485.000000	22.629000	196.938077	-0.004294
486.000000	22.637000	197.083713	-0.005222
487.000000	22.645000	197.229398	-0.003317
488.000000	22.653000	197.375142	-0.003269
489.000000	22.661000	197.520934	-0.003537
490.000000	22.669000	197.666785	-0.003244
491.000000	22.677000	197.812686	-0.003562
492.000000	22.685000	197.958640	-0.003977
493.000000	22.693000	198.104653	-0.003855
494.000000	22.701000	198.250715	-0.003366
495.000000	22.709000	198.396835	-0.003195
496.000000	22.717000	198.543004	-0.003000
497.000000	22.725000	198.689232	-0.003146
498.000000	22.733000	198.835509	-0.003513
499.000000	22.741000	198.981840	-0.004782
500.000000	22.749000	199.128230	-0.004587
501.000000	22.757000	199.274673	-0.003244
502.000000	22.765000	199.421165	-0.003146
503.000000	22.773000	199.567712	-0.003269
504.000000	22.781000	199.714312	-0.003024
505.000000	22.788999	199.860966	-0.003513
506.000000	22.797000	200.007683	-0.004733
507.000000	22.805000	200.154444	-0.004050
508.000000	22.813000	200.301260	-0.003073
509.000000	22.821000	200.448129	-0.003049
510.000000	22.829000	200.595061	-0.003269
511.000000	22.837000	200.742038	-0.003537
512.000000	22.845000	200.889069	-0.004099
513.000000	22.853000	201.036154	-0.004099
514.000000	22.861000	201.183292	-0.003488
515.000000	22.869000	201.330493	-0.003757
516.000000	22.877000	201.477739	-0.003537
517.000000	22.885000	201.625039	-0.004318
518.000000	22.893000	201.772393	-0.005051
519.000000	22.901000	201.919810	-0.006394
520.000000	22.909000	202.067271	-0.007224
521.000000	22.917000	202.214786	-0.005563
522.000000	22.925000	202.362355	-0.004807
523.000000	22.933000	202.509978	-0.004221
524.000000	22.941000	202.657664	-0.003928
525.000000	22.949000	202.805394	-0.004538
526.000000	22.957000	202.953179	-0.005368
527.000000	22.965000	203.101017	-0.004929
528.000000	22.973000	203.248909	-0.003977
529.000000	22.981000	203.396864	-0.003439
530.000000	22.989000	203.544863	-0.003244
531.000000	22.997000	203.692917	-0.003537
532.000000	23.005000	203.841024	-0.004367
533.000000	23.013000	203.989194	-0.006125
534.000000	23.021000	204.137409	-0.004855
535.000000	23.029000	204.285678	-0.003146
536.000000	23.037000	204.434001	-0.003269
537.000000	23.045000	204.582377	-0.003122
538.000000	23.053000	204.730817	-0.003098
539.000000	23.061000	204.879301	-0.004221
540.000000	23.069000	205.027839	-0.005100
541.000000	23.077000	205.176430	-0.004147
542.000000	23.084999	205.325076	-0.003122
543.000000	23.093000	205.473784	-0.002585
544.000000	23.101000	205.622538	-0.003195
545.000000	23.109000	205.771345	-0.003439
546.000000	23.117000	205.920206	-0.004343
547.000000	23.125000	206.069129	-0.004099
548.000000	23.133000	206.218098	-0.003000
549.000000	23.141000	206.367120	-0.003024
550.000000	23.149000	206.516197	-0.002927
551.000000	23.157000	206.665327	-0.003464
552.000000	23.165000	206.814519	-0.003366
553.000000	23.173000	206.963757	-0.003610
554.000000	23.181000	207.113049	-0.003220
555.000000	23.189000	207.262394	-0.002854
556.000000	23.196999	207.411793	-0.003049
557.000000	23.205000	207.561255	-0.003024
558.000000	23.213000	207.710762	-0.002976
559.000000	23.221000	207.860323	-0.003586
560.000000	23.229000	208.009937	-0.003757
561.000000	23.237000	208.159614	-0.003293
562.000000	23.245000	208.309336	-0.003000
563.000000	23.253000	208.459112	-0.003122
564.000000	23.261000	208.608942	-0.002756
565.000000	23.269000	208.758826	-0.002927
566.000000	23.277000	208.908772	-0.003391
567.000000	23.285000	209.058764	-0.003391
568.000000	23.293000	209.208809	-0.003171
569.000000	23.301000	209.358908	-0.002561
570.000000	23.308999	209.509060	-0.002707
571.000000	23.317000	209.659276	-0.002902
572.000000	23.325000	209.809536	-0.003391
573.000000	23.333000	209.959851	-0.003049
574.000000	23.341000	210.110219	-0.003024
575.000000	23.349000	210.260649	-0.002585
576.000000	23.357000	210.411125	-0.003073
577.000000	23.365000	210.561655	-0.002829
578.000000	23.373000	210.712238	-0.002927
579.000000	23.380999	210.862875	-0.003293
580.000000	23.389000	211.013575	-0.003342
581.000000	23.397000	211.164320	-0.003562
582.000000	23.405000	211.315119	-0.002731
583.000000	23.413000	211.465971	-0.002756
584.000000	23.420999	211.616878	-0.002854
585.000000	23.429000	211.767847	-0.002951
586.000000	23.437000	211.918861	-0.003391
587.000000	23.445000	212.069929	-0.003488
588.000000	23.453000	212.221050	-0.003098
589.000000	23.461000	212.372235	-0.002707
590.000000	23.469000	212.523464	-0.002878
591.000000	23.477000	212.674747	-0.003098
592.000000	23.485000	212.826084	-0.002927
593.000000	23.492999	212.977475	-0.003562
594.000000	23.501000	213.128928	-0.003049
595.000000	23.509000	213.280427	-0.002756
596.000000	23.517000	213.431979	-0.003000
597.000000	23.525000	213.583585	-0.002463
598.000000	23.532999	213.735245	-0.003171
599.000000	23.541000	213.886968	-0.003269
600.000000	23.549000	214.038735	-0.003098
601.000000	23.557000	214.190557	-0.003220
602.000000	23.565000	214.342432	-0.002878
603.000000	23.573000	214.494370	-0.002731
604.000000	23.581000	214.646353	-0.002707
605.000000	23.589000	214.798390	-0.003293
606.000000	23.597000	214.950480	-0.003732
607.000000	23.604999	215.102624	-0.003146
608.000000	23.613000	215.254832	-0.002829
609.000000	23.621000	215.407084	-0.002829
610.000000	23.629000	215.559389	-0.002561
611.000000	23.637000	215.711749	-0.002829
612.000000	23.644999	215.864163	-0.003391
613.000000	23.653000	216.016639	-0.003732
614.000000	23.661000	216.169160	-0.003293
615.000000	23.669000	216.321735	-0.002683
616.000000	23.676999	216.474364	-0.002609
617.000000	23.685000	216.627056	-0.002463
618.000000	23.693000	216.779792	-0.002658
619.000000	23.701000	216.932582	-0.003659
620.000000	23.709000	217.085426	-0.003146
621.000000	23.716999	217.238324	-0.002780
622.000000	23.725000	217.391285	-0.002634
623.000000	23.733000	217.544291	-0.002365
624.000000	23.741000	217.697350	-0.002829
