0.000000	18.459000	145.756656	0.001954
1.000000	18.461000	145.788817	0.002046
2.000000	18.463000	145.820983	0.001997
3.000000	18.465000	145.853152	0.002040
4.000000	18.467000	145.885324	0.001972
5.000000	18.469000	145.917500	0.001899
6.000000	18.471000	145.949679	0.002027
7.000000	18.473000	145.981862	0.002082
8.000000	18.475000	146.014049	0.001991
9.000000	18.477000	146.046239	0.001972
10.000000	18.479000	146.078433	0.002094
11.000000	18.481000	146.110630	0.002003
12.000000	18.483000	146.142831	0.001924
13.000000	18.485000	146.175035	0.002186
14.000000	18.487000	146.207243	0.001936
15.000000	18.489000	146.239454	0.002180
16.000000	18.491000	146.271669	0.001899
17.000000	18.493000	146.303888	0.002302
18.000000	18.495000	146.336110	0.002174
19.000000	18.497000	146.368335	0.001979
20.000000	18.499000	146.400565	0.002015
21.000000	18.501000	146.432797	0.002143
22.000000	18.503000	146.465033	0.002113
23.000000	18.505000	146.497273	0.001905
24.000000	18.507000	146.529517	0.002107
25.000000	18.509000	146.561763	0.002247
26.000000	18.511000	146.594014	0.002119
27.000000	18.513000	146.626268	0.002186
28.000000	18.515000	146.658525	0.001893
29.000000	18.517000	146.690786	0.002052
30.000000	18.519000	146.723051	0.001979
31.000000	18.521000	146.755319	0.002174
32.000000	18.523000	146.787591	0.002058
33.000000	18.525000	146.819866	0.002143
34.000000	18.527000	146.852145	0.002143
35.000000	18.529000	146.884427	0.002143
36.000000	18.531000	146.916713	0.002125
37.000000	18.533000	146.949003	0.001985
38.000000	18.535000	146.981296	0.002143
39.000000	18.537000	147.013592	0.001985
40.000000	18.539000	147.045893	0.002027
41.000000	18.541000	147.078196	0.002168
42.000000	18.543000	147.110503	0.002113
43.000000	18.545000	147.142814	0.002223
44.000000	18.547000	147.175128	0.001850
45.000000	18.549000	147.207446	0.002223
46.000000	18.551000	147.239768	0.002058
47.000000	18.553000	147.272093	0.002125
48.000000	18.555000	147.304421	0.002143
49.000000	18.557000	147.336753	0.002101
50.000000	18.559000	147.369089	0.001972
51.000000	18.561000	147.401428	0.002113
52.000000	18.563000	147.433771	0.001997
53.000000	18.565000	147.466117	0.002198
54.000000	18.567000	147.498467	0.002094
55.000000	18.569000	147.530820	0.001850
56.000000	18.571000	147.563177	0.002241
57.000000	18.573000	147.595537	0.002101
58.000000	18.575000	147.627901	0.002015
59.000000	18.577000	147.660269	0.002040
60.000000	18.579000	147.692640	0.002094
61.000000	18.581000	147.725014	0.001856
62.000000	18.583000	147.757392	0.002027
63.000000	18.585000	147.789774	0.002003
64.000000	18.587000	147.822159	0.002137
65.000000	18.589000	147.854548	0.001826
66.000000	18.591000	147.886941	0.002094
67.000000	18.593000	147.919336	0.002033
68.000000	18.595000	147.951736	0.001985
69.000000	18.597000	147.984139	0.002162
70.000000	18.599000	148.016545	0.001899
71.000000	18.601000	148.048956	0.002033
72.000000	18.603000	148.081369	0.002107
73.000000	18.605000	148.113786	0.002003
74.000000	18.607000	148.146207	0.001985
75.000000	18.609000	148.178631	0.002064
76.000000	18.611000	148.211059	0.002009
77.000000	18.613000	148.243491	0.001911
78.000000	18.615000	148.275926	0.002278
79.000000	18.617000	148.308364	0.001966
80.000000	18.619000	148.340806	0.001960
81.000000	18.621000	148.373252	0.001899
82.000000	18.623000	148.405701	0.002168
83.000000	18.625000	148.438154	0.002156
84.000000	18.627000	148.470610	0.002064
85.000000	18.629000	148.503069	0.002107
86.000000	18.631000	148.535533	0.002021
87.000000	18.633000	148.568000	0.002137
88.000000	18.635000	148.600470	0.001960
89.000000	18.637000	148.632944	0.002070
90.000000	18.639000	148.665421	0.002040
91.000000	18.641000	148.697902	0.002040
92.000000	18.643000	148.730387	0.002137
93.000000	18.645000	148.762875	0.002058
94.000000	18.647000	148.795367	0.001930
95.000000	18.649000	148.827862	0.001972
96.000000	18.651000	148.860361	0.001948
97.000000	18.653000	148.892863	0.002186
98.000000	18.655000	148.925369	0.002162
99.000000	18.657000	148.957879	0.001820
100.000000	18.659000	148.990392	0.001899
101.000000	18.661000	149.022908	0.002094
102.000000	18.663000	149.055428	0.002107
103.000000	18.665000	149.087952	0.002033
104.000000	18.667000	149.120479	0.002094
105.000000	18.669000	149.153010	0.002064
106.000000	18.671000	149.185544	0.002131
107.000000	18.673000	149.218082	0.002174
108.000000	18.675000	149.250623	0.001991
109.000000	18.677000	149.283168	0.002058
110.000000	18.679000	149.315716	0.002113
111.000000	18.681000	149.348269	0.002113
112.000000	18.683000	149.380824	0.001930
113.000000	18.685000	149.413383	0.002052
114.000000	18.687000	149.445946	0.002003
115.000000	18.689000	149.478512	0.001881
116.000000	18.691000	149.511082	0.002168
117.000000	18.693000	149.543655	0.002186
118.000000	18.695000	149.576232	0.001936
119.000000	18.697000	149.608812	0.002015
120.000000	18.699000	149.641396	0.002162
121.000000	18.701000	149.673984	0.002052
122.000000	18.703000	149.706575	0.001972
123.000000	18.705000	149.739169	0.001936
124.000000	18.707000	149.771767	0.001930
125.000000	18.709000	149.804369	0.002009
126.000000	18.711000	149.836974	0.002009
127.000000	18.713000	149.869583	0.001966
128.000000	18.715000	149.902195	0.001795
129.000000	18.717000	149.934811	0.002082
130.000000	18.719000	149.967431	0.002027
131.000000	18.721000	150.000054	0.001942
132.000000	18.723000	150.032680	0.002113
133.000000	18.725000	150.065310	0.001863
134.000000	18.727000	150.097944	0.001972
135.000000	18.729000	150.130581	0.002137
136.000000	18.731000	150.163222	0.002033
137.000000	18.733000	150.195866	0.002094
138.000000	18.735000	150.228514	0.001954
139.000000	18.737000	150.261165	0.001991
140.000000	18.739000	150.293820	0.002046
141.000000	18.741000	150.326478	0.001985
142.000000	18.743000	150.359140	0.001936
143.000000	18.745000	150.391806	0.001985
144.000000	18.747000	150.424475	0.002052
145.000000	18.749000	150.457148	0.002113
146.000000	18.751000	150.489824	0.002162
147.000000	18.753000	150.522504	0.002027
148.000000	18.755000	150.555187	0.001887
149.000000	18.757000	150.587874	0.002040
150.000000	18.759000	150.620564	0.001899
151.000000	18.761000	150.653258	0.001832
152.000000	18.763000	150.685956	0.001979
153.000000	18.765000	150.718656	0.001747
154.000000	18.767000	150.751361	0.001667
155.000000	18.769000	150.784069	0.001631
156.000000	18.771000	150.816781	0.001600
157.000000	18.773000	150.849496	0.001875
158.000000	18.775000	150.882215	0.001747
159.000000	18.777000	150.914937	0.001594
160.000000	18.779000	150.947663	0.001533
161.000000	18.781000	150.980392	0.001258
162.000000	18.783000	151.013125	0.001594
163.000000	18.785000	151.045862	0.001856
164.000000	18.787000	151.078602	0.001686
165.000000	18.789000	151.111346	0.001783
166.000000	18.791000	151.144093	0.001551
167.000000	18.793000	151.176844	0.001374
168.000000	18.795000	151.209597	0.001783
169.000000	18.797000	151.242355	0.001643
170.000000	18.799000	151.275117	0.001795
171.000000	18.801000	151.307882	0.001649
172.000000	18.803000	151.340650	0.001881
173.000000	18.805000	151.373422	0.001679
174.000000	18.807000	151.406198	0.001625
175.000000	18.809000	151.438976	0.001838
176.000000	18.811000	151.471759	0.001673
177.000000	18.813000	151.504545	0.001936
178.000000	18.815000	151.537335	0.001600
179.000000	18.817000	151.570129	0.001429
180.000000	18.819000	151.602925	0.001130
181.000000	18.821000	151.635726	0.000617
182.000000	18.823000	151.668529	0.000843
183.000000	18.825000	151.701337	0.000312
184.000000	18.827000	151.734148	0.000520
185.000000	18.829000	151.766963	0.000245
186.000000	18.831000	151.799781	-0.000786
187.000000	18.833000	151.832602	-0.001012
188.000000	18.835000	151.865428	-0.001275
189.000000	18.837000	151.898256	-0.003234
190.000000	18.839000	151.931088	-0.001952
191.000000	18.841000	151.963924	-0.003167
192.000000	18.843000	151.996764	-0.002471
193.000000	18.845000	152.029607	-0.001299
194.000000	18.847000	152.062453	-0.001452
195.000000	18.849000	152.095303	-0.000072
196.000000	18.851000	152.128157	0.000147
197.000000	18.853000	152.161014	0.000166
198.000000	18.855000	152.193874	0.000331
199.000000	18.857000	152.226739	0.000917
200.000000	18.859000	152.259607	0.000538
201.000000	18.861000	152.292478	0.000941
202.000000	18.863000	152.325353	0.000971
203.000000	18.865000	152.358231	0.000831
204.000000	18.867000	152.391113	0.000599
205.000000	18.869000	152.423999	0.000910
206.000000	18.871000	152.456888	0.001185
207.000000	18.873000	152.489780	0.001142
208.000000	18.875000	152.522677	0.000514
209.000000	18.877000	152.555576	0.000172
210.000000	18.879000	152.588479	-0.000713
211.000000	18.881000	152.621386	-0.001201
212.000000	18.883000	152.654296	-0.002672
213.000000	18.885000	152.687210	-0.003698
214.000000	18.887000	152.720128	-0.002465
215.000000	18.889000	152.753049	-0.005218
216.000000	18.891000	152.785974	-0.004882
217.000000	18.893000	152.818901	-0.006969
218.000000	18.895000	152.851833	-0.008031
219.000000	18.897000	152.884768	-0.009954
220.000000	18.899000	152.917707	-0.013238
221.000000	18.901000	152.950649	-0.011858
222.000000	18.903000	152.983595	-0.013634
223.000000	18.905000	153.016545	-0.011742
224.000000	18.907000	153.049497	-0.013024
225.000000	18.909000	153.082454	-0.009374
226.000000	18.911000	153.115414	-0.007146
227.000000	18.913000	153.148377	-0.005706
228.000000	18.915000	153.181345	-0.005095
229.000000	18.917000	153.214315	-0.003991
230.000000	18.919000	153.247290	-0.004253
231.000000	18.921000	153.280267	-0.003136
232.000000	18.923000	153.313248	-0.003753
233.000000	18.925000	153.346233	-0.004778
234.000000	18.927000	153.379222	-0.005016
235.000000	18.929000	153.412214	-0.007354
236.000000	18.931000	153.445209	-0.011516
237.000000	18.933000	153.478208	-0.014269
238.000000	18.935000	153.511211	-0.019042
239.000000	18.937000	153.544217	-0.028563
240.000000	18.939000	153.577227	-0.039312
241.000000	18.941000	153.610240	-0.053496
242.000000	18.943000	153.643257	-0.071007
243.000000	18.945000	153.676277	-0.095702
244.000000	18.947000	153.709301	-0.130504
245.000000	18.949000	153.742329	-0.167974
246.000000	18.951000	153.775359	-0.198803
247.000000	18.953000	153.808394	-0.225298
248.000000	18.955000	153.841432	-0.243816
249.000000	18.957000	153.874474	-0.282726
250.000000	18.959000	153.907519	-0.314635
251.000000	18.961000	153.940568	-0.321953
252.000000	18.963000	153.973619	-0.321764
253.000000	18.965000	154.006676	-0.317785
254.000000	18.967000	154.039735	-0.307110
255.000000	18.969000	154.072798	-0.283532
256.000000	18.971000	154.105864	-0.253887
257.000000	18.973000	154.138934	-0.213225
258.000000	18.975000	154.172008	-0.177770
259.000000	18.977000	154.205085	-0.141088
260.000000	18.979000	154.238166	-0.106927
261.000000	18.981000	154.271250	-0.072417
262.000000	18.983000	154.304338	-0.064312
263.000000	18.985000	154.337429	-0.054180
264.000000	18.987000	154.370523	-0.044378
265.000000	18.989000	154.403622	-0.029168
266.000000	18.991000	154.436724	-0.021630
267.000000	18.993000	154.469830	-0.013854
268.000000	18.995000	154.502938	-0.014153
269.000000	18.997000	154.536051	-0.010772
270.000000	18.999000	154.569167	-0.011406
271.000000	19.001000	154.602286	-0.011187
272.000000	19.003000	154.635410	-0.012401
273.000000	19.005000	154.668536	-0.015514
274.000000	19.007000	154.701667	-0.015288
275.000000	19.009000	154.734801	-0.021508
276.000000	19.011000	154.767939	-0.025316
277.000000	19.013000	154.801079	-0.028032
278.000000	19.015000	154.834223	-0.029625
279.000000	19.017000	154.867372	-0.035875
280.000000	19.019000	154.900523	-0.050854
281.000000	19.021000	154.933679	-0.071032
282.000000	19.023000	154.966837	-0.073620
283.000000	19.025000	155.000000	-0.057970
284.000000	19.027000	155.033165	-0.046148
285.000000	19.029000	155.066334	-0.034478
286.000000	19.031000	155.099508	-0.031823
287.000000	19.033000	155.132684	-0.024181
288.000000	19.035000	155.165864	-0.022039
289.000000	19.037000	155.199047	-0.016063
290.000000	19.039000	155.232235	-0.013042
291.000000	19.041000	155.265425	-0.010326
292.000000	19.043000	155.298619	-0.009411
293.000000	19.045000	155.331817	-0.007494
294.000000	19.047000	155.365018	-0.006798
295.000000	19.049000	155.398224	-0.004723
296.000000	19.051000	155.431432	-0.003393
297.000000	19.053000	155.464644	-0.002874
298.000000	19.055000	155.497859	-0.002257
299.000000	19.057000	155.531078	-0.002624
300.000000	19.059000	155.564301	-0.001818
301.000000	19.061000	155.597526	-0.001464
302.000000	19.063000	155.630757	-0.001354
303.000000	19.065000	155.663989	-0.001098
304.000000	19.067000	155.697227	-0.002025
305.000000	19.069000	155.730467	-0.001793
306.000000	19.071000	155.763710	-0.002074
307.000000	19.073000	155.796958	-0.003039
308.000000	19.075000	155.830209	-0.003423
309.000000	19.077000	155.863464	-0.002373
310.000000	19.079000	155.896721	-0.004992
311.000000	19.081000	155.929983	-0.005694
312.000000	19.083000	155.963248	-0.007610
313.000000	19.085000	155.996516	-0.005791
314.000000	19.087000	156.029789	-0.003930
315.000000	19.089000	156.063064	-0.003057
316.000000	19.091000	156.096344	-0.001421
317.000000	19.093000	156.129627	-0.001977
318.000000	19.095000	156.162914	-0.000457
319.000000	19.097000	156.196203	-0.000597
320.000000	19.099000	156.229497	0.000324
321.000000	19.101000	156.262794	-0.000316
322.000000	19.103000	156.296094	0.000813
323.000000	19.105000	156.329399	0.001075
324.000000	19.107000	156.362706	0.000642
325.000000	19.109000	156.396018	0.001142
326.000000	19.111000	156.429333	0.000691
327.000000	19.113000	156.462651	0.001667
328.000000	19.115000	156.495973	0.001167
329.000000	19.117000	156.529298	0.001673
330.000000	19.119000	156.562628	0.001704
331.000000	19.121000	156.595960	0.001771
332.000000	19.123000	156.629296	0.001448
333.000000	19.125000	156.662636	0.002156
334.000000	19.127000	156.695979	0.001539
335.000000	19.129000	156.729326	0.001820
336.000000	19.131000	156.762675	0.001197
337.000000	19.133000	156.796030	0.001496
338.000000	19.135000	156.829387	0.001417
339.000000	19.137000	156.862748	0.001313
340.000000	19.139000	156.896112	0.001008
341.000000	19.141000	156.929481	0.000910
342.000000	19.143000	156.962852	0.000385
343.000000	19.145000	156.996227	0.000910
344.000000	19.147000	157.029606	0.001075
345.000000	19.149000	157.062988	0.001502
346.000000	19.151000	157.096374	0.001307
347.000000	19.153000	157.129763	0.001014
348.000000	19.155000	157.163156	0.001014
349.000000	19.157000	157.196552	0.001252
350.000000	19.159000	157.229952	0.001075
351.000000	19.161000	157.263356	0.001197
352.000000	19.163000	157.296763	0.000880
353.000000	19.165000	157.330174	0.001234
354.000000	19.167000	157.363588	0.000996
355.000000	19.169000	157.397006	0.000825
356.000000	19.171000	157.430427	0.000788
357.000000	19.173000	157.463851	0.001075
358.000000	19.175000	157.497280	0.000807
359.000000	19.177000	157.530711	0.000575
360.000000	19.179000	157.564147	0.000941
361.000000	19.181000	157.597586	0.000959
362.000000	19.183000	157.631029	0.000813
363.000000	19.185000	157.664475	0.000953
364.000000	19.187000	157.697924	0.000617
365.000000	19.189000	157.731378	0.000910
366.000000	19.191000	157.764834	0.000758
367.000000	19.193000	157.798295	0.000685
368.000000	19.195000	157.831758	0.000739
369.000000	19.197000	157.865226	0.000630
370.000000	19.199000	157.898697	0.000471
371.000000	19.201000	157.932171	0.000654
372.000000	19.203000	157.965649	0.000440
373.000000	19.205000	157.999130	0.000093
374.000000	19.207000	158.032616	0.000874
375.000000	19.209000	158.066104	0.000691
376.000000	19.211000	158.099597	0.000666
377.000000	19.213000	158.133092	0.000953
378.000000	19.215000	158.166591	0.001032
379.000000	19.217000	158.200095	0.000764
380.000000	19.219000	158.233601	0.000642
381.000000	19.221000	158.267111	0.000886
382.000000	19.223000	158.300624	0.001057
383.000000	19.225000	158.334142	0.000819
384.000000	19.227000	158.367662	0.001234
385.000000	19.229000	158.401186	0.001393
386.000000	19.231000	158.434714	0.001216
387.000000	19.233000	158.468245	0.001222
388.000000	19.235000	158.501780	0.000984
389.000000	19.237000	158.535318	0.001277
390.000000	19.239000	158.568860	0.001264
391.000000	19.241000	158.602405	0.001332
392.000000	19.243000	158.635954	0.001551
393.000000	19.245000	158.669507	0.001325
394.000000	19.247000	158.703063	0.001539
395.000000	19.249000	158.736623	0.001423
396.000000	19.251000	158.770186	0.000624
397.000000	19.253000	158.803753	0.001612
398.000000	19.255000	158.837323	0.001686
399.000000	19.257000	158.870896	0.001625
400.000000	19.259000	158.904474	0.001515
401.000000	19.261000	158.938054	0.001527
402.000000	19.263000	158.971639	0.001734
403.000000	19.265000	159.005227	0.001802
404.000000	19.267000	159.038819	0.001698
405.000000	19.269000	159.072414	0.001692
406.000000	19.271000	159.106012	0.001618
407.000000	19.273000	159.139615	0.001820
408.000000	19.275000	159.173220	0.001527
409.000000	19.277000	159.206830	0.002064
410.000000	19.279000	159.240442	0.001820
411.000000	19.281000	159.274059	0.002113
412.000000	19.283000	159.307679	0.001618
413.000000	19.285000	159.341302	0.001948
414.000000	19.287000	159.374929	0.001838
415.000000	19.289000	159.408560	0.001753
416.000000	19.291000	159.442194	0.001905
417.000000	19.293000	159.475832	0.001783
418.000000	19.295000	159.509473	0.002033
419.000000	19.297000	159.543118	0.001893
420.000000	19.299000	159.576766	0.001466
421.000000	19.301000	159.610418	0.002107
422.000000	19.303000	159.644073	0.001515
423.000000	19.305000	159.677732	0.001954
424.000000	19.307000	159.711395	0.001502
425.000000	19.309000	159.745061	0.001820
426.000000	19.311000	159.778730	0.001771
427.000000	19.313000	159.812403	0.001673
428.000000	19.315000	159.846080	0.001563
429.000000	19.317000	159.879760	0.001368
430.000000	19.319000	159.913444	0.001704
431.000000	19.321000	159.947131	0.001454
432.000000	19.323000	159.980823	0.001545
433.000000	19.325000	160.014517	0.001606
434.000000	19.327000	160.048214	0.001350
435.000000	19.329000	160.081917	0.001393
436.000000	19.331000	160.115621	0.001411
437.000000	19.333000	160.149330	0.001228
438.000000	19.335000	160.183042	0.001228
439.000000	19.337000	160.216758	0.001429
440.000000	19.339000	160.250477	0.001209
441.000000	19.341000	160.284200	0.001344
442.000000	19.343000	160.317927	0.001350
443.000000	19.345000	160.351656	0.001350
444.000000	19.347000	160.385390	0.001472
445.000000	19.349000	160.419127	0.001148
446.000000	19.351000	160.452868	0.000978
447.000000	19.353000	160.486611	0.001130
448.000000	19.355000	160.520359	0.001081
449.000000	19.357000	160.554110	0.001533
450.000000	19.359000	160.587865	0.000831
451.000000	19.361000	160.621624	0.001405
452.000000	19.363000	160.655385	0.000917
453.000000	19.365000	160.689151	0.001307
454.000000	19.367000	160.722920	0.001277
455.000000	19.369000	160.756693	0.001307
456.000000	19.371000	160.790468	0.001393
457.000000	19.373000	160.824247	0.001393
458.000000	19.375000	160.858031	0.001393
459.000000	19.377000	160.891817	0.000910
460.000000	19.379000	160.925608	0.001734
461.000000	19.381000	160.959401	0.001161
462.000000	19.383000	160.993199	0.001289
463.000000	19.385000	161.027000	0.001057
464.000000	19.387000	161.060804	0.001002
465.000000	19.389000	161.094612	0.001441
466.000000	19.391000	161.128423	0.001319
467.000000	19.393000	161.162239	0.001435
468.000000	19.395000	161.196057	0.001539
469.000000	19.397000	161.229880	0.001533
470.000000	19.399000	161.263705	0.001460
471.000000	19.401000	161.297534	0.001588
472.000000	19.403000	161.331367	0.001515
473.000000	19.405000	161.365203	0.001454
474.000000	19.407000	161.399044	0.001643
475.000000	19.409000	161.432887	0.001649
476.000000	19.411000	161.466734	0.001496
477.000000	19.413000	161.500585	0.002064
478.000000	19.415000	161.534438	0.001649
479.000000	19.417000	161.568296	0.001747
480.000000	19.419000	161.602157	0.001759
481.000000	19.421000	161.636022	0.002021
482.000000	19.423000	161.669890	0.001698
483.000000	19.425000	161.703763	0.001814
484.000000	19.427000	161.737638	0.001777
485.000000	19.429000	161.771516	0.001808
486.000000	19.431000	161.805399	0.001777
487.000000	19.433000	161.839285	0.001844
488.000000	19.435000	161.873175	0.001972
489.000000	19.437000	161.907068	0.001997
490.000000	19.439000	161.940965	0.001777
491.000000	19.441000	161.974865	0.001740
492.000000	19.443000	162.008768	0.001905
493.000000	19.445000	162.042676	0.001985
494.000000	19.447000	162.076586	0.001802
495.000000	19.449000	162.110501	0.002125
496.000000	19.451000	162.144419	0.001997
497.000000	19.453000	162.178341	0.002113
498.000000	19.455000	162.212265	0.001893
499.000000	19.457000	162.246194	0.001460
500.000000	19.459000	162.280126	0.001679
501.000000	19.461000	162.314063	0.001954
502.000000	19.463000	162.348001	0.002082
503.000000	19.465000	162.381944	0.001502
504.000000	19.467000	162.415890	0.002107
505.000000	19.469000	162.449839	0.002094
506.000000	19.471000	162.483794	0.001509
507.000000	19.473000	162.517751	0.001899
508.000000	19.475000	162.551711	0.001985
509.000000	19.477000	162.585674	0.001612
510.000000	19.479000	162.619644	0.001881
511.000000	19.481000	162.653614	0.001576
512.000000	19.483000	162.687589	0.001881
513.000000	19.485000	162.721566	0.001942
514.000000	19.487000	162.755548	0.001673
515.000000	19.489000	162.789535	0.001924
516.000000	19.491000	162.823523	0.001649
517.000000	19.493000	162.857515	0.001710
518.000000	19.495000	162.891511	0.001771
519.000000	19.497000	162.925512	0.001527
520.000000	19.499000	162.959515	0.001740
521.000000	19.501000	162.993521	0.001716
522.000000	19.503000	163.027531	0.001557
523.000000	19.505000	163.061544	0.001820
524.000000	19.507000	163.095563	0.001667
525.000000	19.509000	163.129583	0.001594
526.000000	19.511000	163.163607	0.001466
527.000000	19.513000	163.197635	0.001856
528.000000	19.515000	163.231666	0.001637
529.000000	19.517000	163.265702	0.001618
530.000000	19.519000	163.299741	0.001747
531.000000	19.521000	163.333782	0.001484
532.000000	19.523000	163.367827	0.001625
533.000000	19.525000	163.401878	0.001454
534.000000	19.527000	163.435931	0.001411
535.000000	19.529000	163.469987	0.001753
536.000000	19.531000	163.504046	0.001582
537.000000	19.533000	163.538109	0.001496
538.000000	19.535000	163.572178	0.001484
539.000000	19.537000	163.606248	0.001405
540.000000	19.539000	163.640321	0.001557
541.000000	19.541000	163.674398	0.000880
542.000000	19.543000	163.708479	0.001228
543.000000	19.545000	163.742565	0.000984
544.000000	19.547000	163.776653	0.000837
545.000000	19.549000	163.810745	0.000532
546.000000	19.551000	163.844840	0.000062
547.000000	19.553000	163.878940	-0.000152
548.000000	19.555000	163.913042	-0.001000
549.000000	19.557000	163.947148	-0.000951
550.000000	19.559000	163.981257	0.001026
551.000000	19.561000	164.015369	0.000868
552.000000	19.563000	164.049488	0.000428
553.000000	19.565000	164.083607	0.001106
554.000000	19.567000	164.117731	0.000794
555.000000	19.569000	164.151857	0.001313
556.000000	19.571000	164.185988	0.001069
557.000000	19.573000	164.220124	0.001344
558.000000	19.575000	164.254261	0.001399
559.000000	19.577000	164.288402	0.001460
560.000000	19.579000	164.322547	0.001893
561.000000	19.581000	164.356697	0.001393
562.000000	19.583000	164.390849	0.001490
563.000000	19.585000	164.425004	0.001588
564.000000	19.587000	164.459163	0.001380
565.000000	19.589000	164.493325	0.001313
566.000000	19.591000	164.527493	0.000624
567.000000	19.593000	164.561662	0.000935
568.000000	19.595000	164.595835	0.000202
569.000000	19.597000	164.630012	-0.000640
570.000000	19.599000	164.664192	-0.001836
571.000000	19.601000	164.698378	-0.002416
572.000000	19.603000	164.732565	-0.003759
573.000000	19.605000	164.766755	-0.006005
574.000000	19.607000	164.800950	-0.009221
575.000000	19.609000	164.835150	-0.013219
576.000000	19.611000	164.869351	-0.016924
577.000000	19.613000	164.903556	-0.022606
578.000000	19.615000	164.937764	-0.025872
579.000000	19.617000	164.971976	-0.021007
580.000000	19.619000	165.006194	-0.017266
581.000000	19.621000	165.040413	-0.012542
582.000000	19.623000	165.074636	-0.008465
583.000000	19.625000	165.108862	-0.006603
584.000000	19.627000	165.143091	-0.003502
585.000000	19.629000	165.177327	-0.002306
586.000000	19.631000	165.211564	-0.001690
587.000000	19.633000	165.245804	-0.000188
588.000000	19.635000	165.280048	0.000385
589.000000	19.637000	165.314297	0.000276
590.000000	19.639000	165.348548	0.000495
591.000000	19.641000	165.382803	0.000190
592.000000	19.643000	165.417061	0.000611
593.000000	19.645000	165.451323	0.000636
594.000000	19.647000	165.485590	0.000294
595.000000	19.649000	165.519859	-0.000597
596.000000	19.651000	165.554131	-0.001061
597.000000	19.653000	165.588407	-0.001854
598.000000	19.655000	165.622686	-0.004394
599.000000	19.657000	165.656971	-0.006530
600.000000	19.659000	165.691258	-0.010552
601.000000	19.661000	165.725548	-0.016607
602.000000	19.663000	165.759841	-0.018682
603.000000	19.665000	165.794141	-0.023113
604.000000	19.667000	165.828441	-0.028014
605.000000	19.669000	165.862746	-0.040471
606.000000	19.671000	165.897053	-0.070287
607.000000	19.673000	165.931365	-0.082604
608.000000	19.675000	165.965682	-0.075854
609.000000	19.677000	166.000000	-0.054778
610.000000	19.679000	166.034322	-0.035644
611.000000	19.681000	166.068647	-0.024218
612.000000	19.683000	166.102977	-0.018841
613.000000	19.685000	166.137311	-0.013927
614.000000	19.687000	166.171647	-0.009246
615.000000	19.689000	166.205987	-0.005236
616.000000	19.691000	166.240330	-0.004595
617.000000	19.693000	166.274679	-0.000921
618.000000	19.695000	166.309030	-0.001781
619.000000	19.697000	166.343384	-0.001543
620.000000	19.699000	166.377741	-0.001104
621.000000	19.701000	166.412102	0.000593
622.000000	19.703000	166.446469	0.001734
623.000000	19.705000	166.480837	0.001228
624.000000	19.707000	166.515208	0.001240
625.000000	19.709000	166.549583	0.001087
626.000000	19.711000	166.583962	0.001100
627.000000	19.713000	166.618347	0.000532
628.000000	19.715000	166.652732	0.000477
629.000000	19.717000	166.687122	-0.001037
630.000000	19.719000	166.721515	-0.000438
631.000000	19.721000	166.755913	-0.001671
632.000000	19.723000	166.790313	-0.002599
633.000000	19.725000	166.824717	-0.002007
634.000000	19.727000	166.859124	-0.004662
635.000000	19.729000	166.893535	-0.008666
636.000000	19.731000	166.927951	-0.010326
637.000000	19.733000	166.962369	-0.011052
638.000000	19.735000	166.996790	-0.008507
639.000000	19.737000	167.031215	-0.004589
640.000000	19.739000	167.065645	-0.002501
641.000000	19.741000	167.100077	-0.001549
642.000000	19.743000	167.134513	-0.001500
643.000000	19.745000	167.168952	0.000147
644.000000	19.747000	167.203394	-0.000036
645.000000	19.749000	167.237843	0.000367
646.000000	19.751000	167.272292	0.001252
647.000000	19.753000	167.306746	0.000758
648.000000	19.755000	167.341202	0.001191
649.000000	19.757000	167.375663	0.001100
650.000000	19.759000	167.410129	0.000862
651.000000	19.761000	167.444596	0.001362
652.000000	19.763000	167.479067	0.001631
653.000000	19.765000	167.513542	0.000599
654.000000	19.767000	167.548022	0.001368
655.000000	19.769000	167.582503	0.000532
656.000000	19.771000	167.616989	0.000691
657.000000	19.773000	167.651477	-0.000225
658.000000	19.775000	167.685970	-0.000744
659.000000	19.777000	167.720467	-0.000530
660.000000	19.779000	167.754967	-0.001061
661.000000	19.781000	167.789470	-0.001500
662.000000	19.783000	167.823976	-0.001983
663.000000	19.785000	167.858486	-0.003374
664.000000	19.787000	167.893002	-0.007158
665.000000	19.789000	167.927519	-0.009087
666.000000	19.791000	167.962040	-0.007439
667.000000	19.793000	167.996564	-0.007085
668.000000	19.795000	168.031094	-0.003649
669.000000	19.797000	168.065625	-0.003313
670.000000	19.799000	168.100160	-0.001287
671.000000	19.801000	168.134698	-0.000792
672.000000	19.803000	168.169240	0.000056
673.000000	19.805000	168.203788	0.000233
674.000000	19.807000	168.238337	0.001222
675.000000	19.809000	168.272889	0.000996
676.000000	19.811000	168.307445	0.000514
677.000000	19.813000	168.342005	0.001551
678.000000	19.815000	168.376570	0.001167
679.000000	19.817000	168.411137	0.001380
680.000000	19.819000	168.445707	0.001557
681.000000	19.821000	168.480281	0.001094
682.000000	19.823000	168.514861	0.001252
683.000000	19.825000	168.549442	0.001753
684.000000	19.827000	168.584026	0.001240
685.000000	19.829000	168.618614	0.001399
686.000000	19.831000	168.653206	0.000862
687.000000	19.833000	168.687803	0.001277
688.000000	19.835000	168.722402	0.001118
689.000000	19.837000	168.757004	0.000062
690.000000	19.839000	168.791610	0.000270
691.000000	19.841000	168.826219	-0.001000
692.000000	19.843000	168.860834	-0.000384
693.000000	19.845000	168.895451	-0.000683
694.000000	19.847000	168.930071	-0.002672
695.000000	19.849000	168.964694	-0.002074
696.000000	19.851000	168.999323	-0.001476
697.000000	19.853000	169.033954	-0.000969
698.000000	19.855000	169.068588	0.000678
699.000000	19.857000	169.103226	-0.000066
700.000000	19.859000	169.137867	-0.000121
701.000000	19.861000	169.172514	0.000263
702.000000	19.863000	169.207163	0.000739
703.000000	19.865000	169.241815	0.001173
704.000000	19.867000	169.276470	0.001252
705.000000	19.869000	169.311129	0.001155
706.000000	19.871000	169.345794	0.001478
707.000000	19.873000	169.380460	0.001356
708.000000	19.875000	169.415129	0.001087
709.000000	19.877000	169.449803	0.001600
710.000000	19.879000	169.484481	0.001203
711.000000	19.881000	169.519162	0.001081
712.000000	19.883000	169.553846	0.001051
713.000000	19.885000	169.588533	0.000813
714.000000	19.887000	169.623224	-0.000121
715.000000	19.889000	169.657921	-0.000622
716.000000	19.891000	169.692619	-0.002477
717.000000	19.893000	169.727320	-0.002880
718.000000	19.895000	169.762025	-0.002868
719.000000	19.897000	169.796734	-0.004229
720.000000	19.899000	169.831448	-0.005706
721.000000	19.901000	169.866164	-0.011376
722.000000	19.903000	169.900883	-0.014568
723.000000	19.905000	169.935606	-0.017351
724.000000	19.907000	169.970335	-0.011858
725.000000	19.909000	170.005065	-0.009435
726.000000	19.911000	170.039798	-0.007189
727.000000	19.913000	170.074535	-0.003594
728.000000	19.915000	170.109276	-0.003380
729.000000	19.917000	170.144022	-0.001446
730.000000	19.919000	170.178770	-0.001183
731.000000	19.921000	170.213521	-0.000091
732.000000	19.923000	170.248276	0.000251
733.000000	19.925000	170.283034	0.000788
734.000000	19.927000	170.317798	0.000935
735.000000	19.929000	170.352564	0.001313
736.000000	19.931000	170.387333	0.000978
737.000000	19.933000	170.422105	0.002040
738.000000	19.935000	170.456884	0.001319
739.000000	19.937000	170.491663	0.001466
740.000000	19.939000	170.526447	0.001759
741.000000	19.941000	170.561233	0.001344
742.000000	19.943000	170.596024	0.001594
743.000000	19.945000	170.630819	0.001173
744.000000	19.947000	170.665617	0.001289
745.000000	19.949000	170.700418	0.001399
746.000000	19.951000	170.735222	0.001399
747.000000	19.953000	170.770030	0.001356
748.000000	19.955000	170.804844	0.001307
749.000000	19.957000	170.839659	0.000141
750.000000	19.959000	170.874478	0.000202
751.000000	19.961000	170.909300	-0.000780
752.000000	19.963000	170.944128	-0.000304
753.000000	19.965000	170.978957	-0.000365
754.000000	19.967000	171.013790	0.000526
755.000000	19.969000	171.048626	0.000727
756.000000	19.971000	171.083466	0.000440
757.000000	19.973000	171.118312	0.001301
758.000000	19.975000	171.153159	0.001313
759.000000	19.977000	171.188010	0.001637
760.000000	19.979000	171.222864	0.001673
761.000000	19.981000	171.257722	0.001576
762.000000	19.983000	171.292585	0.001460
763.000000	19.985000	171.327450	0.001502
764.000000	19.987000	171.362318	0.001222
765.000000	19.989000	171.397190	0.001472
766.000000	19.991000	171.432067	0.001899
767.000000	19.993000	171.466946	0.001643
768.000000	19.995000	171.501829	0.001655
769.000000	19.997000	171.536715	0.001917
770.000000	19.999000	171.571605	0.001307
771.000000	20.001000	171.606500	0.001570
772.000000	20.003000	171.641397	0.001258
773.000000	20.005000	171.676297	0.001362
774.000000	20.007000	171.711201	0.001063
775.000000	20.009000	171.746110	0.000501
776.000000	20.011000	171.781021	0.000569
777.000000	20.013000	171.815936	-0.000286
778.000000	20.015000	171.850854	-0.001159
779.000000	20.017000	171.885775	-0.002379
780.000000	20.019000	171.920702	-0.001940
781.000000	20.021000	171.955631	-0.002624
782.000000	20.023000	171.990563	-0.001946
783.000000	20.025000	172.025499	-0.000780
784.000000	20.027000	172.060438	-0.000042
785.000000	20.029000	172.095383	-0.000310
786.000000	20.031000	172.130330	0.000563
787.000000	20.033000	172.165280	0.000984
788.000000	20.035000	172.200233	0.001454
789.000000	20.037000	172.235192	0.001307
790.000000	20.039000	172.270153	0.001271
791.000000	20.041000	172.305117	0.001502
792.000000	20.043000	172.340085	0.001515
793.000000	20.045000	172.375056	0.001814
794.000000	20.047000	172.410033	0.001515
795.000000	20.049000	172.445011	0.001911
796.000000	20.051000	172.479993	0.001747
797.000000	20.053000	172.514978	0.001881
798.000000	20.055000	172.549967	0.001649
799.000000	20.057000	172.584962	0.001966
800.000000	20.059000	172.619958	0.001722
801.000000	20.061000	172.654958	0.001673
802.000000	20.063000	172.689961	0.001673
803.000000	20.065000	172.724970	0.001582
804.000000	20.067000	172.759980	0.001277
805.000000	20.069000	172.794994	0.001588
806.000000	20.071000	172.830011	0.001649
807.000000	20.073000	172.865032	0.001563
808.000000	20.075000	172.900058	0.001032
809.000000	20.077000	172.935086	0.001075
810.000000	20.079000	172.970118	0.001197
811.000000	20.081000	173.005153	0.001374
812.000000	20.083000	173.040192	0.001539
813.000000	20.085000	173.075236	0.001661
814.000000	20.087000	173.110282	0.001759
815.000000	20.089000	173.145331	0.001814
816.000000	20.091000	173.180384	0.001948
817.000000	20.093000	173.215442	0.001985
818.000000	20.095000	173.250502	0.001734
819.000000	20.097000	173.285566	0.001704
820.000000	20.099000	173.320633	0.001460
821.000000	20.101000	173.355703	0.001655
822.000000	20.103000	173.390780	0.001563
823.000000	20.105000	173.425857	0.001881
824.000000	20.107000	173.460939	0.001893
825.000000	20.109000	173.496023	0.001795
826.000000	20.111000	173.531112	0.002064
827.000000	20.113000	173.566206	0.002070
828.000000	20.115000	173.601301	0.001887
829.000000	20.117000	173.636400	0.001679
830.000000	20.119000	173.671502	0.001972
831.000000	20.121000	173.706611	0.001972
832.000000	20.123000	173.741720	0.001686
833.000000	20.125000	173.776833	0.001930
834.000000	20.127000	173.811950	0.001881
835.000000	20.129000	173.847070	0.001728
836.000000	20.131000	173.882196	0.001899
837.000000	20.133000	173.917323	0.001924
838.000000	20.135000	173.952454	0.001856
839.000000	20.137000	173.987589	0.001710
840.000000	20.139000	174.022727	0.001948
841.000000	20.141000	174.057870	0.001667
842.000000	20.143000	174.093015	0.001936
843.000000	20.145000	174.128164	0.001869
844.000000	20.147000	174.163316	0.002003
845.000000	20.149000	174.198474	0.001704
846.000000	20.151000	174.233633	0.002015
847.000000	20.153000	174.268796	0.001759
848.000000	20.155000	174.303963	0.001979
849.000000	20.157000	174.339132	0.002180
850.000000	20.159000	174.374308	0.001936
851.000000	20.161000	174.409485	0.001997
852.000000	20.163000	174.444666	0.001838
853.000000	20.165000	174.479850	0.002070
854.000000	20.167000	174.515037	0.001832
855.000000	20.169000	174.550231	0.001881
856.000000	20.171000	174.585425	0.001905
857.000000	20.173000	174.620624	0.002070
858.000000	20.175000	174.655826	0.001777
859.000000	20.177000	174.691033	0.002058
860.000000	20.179000	174.726242	0.001759
861.000000	20.181000	174.761454	0.001942
862.000000	20.183000	174.796671	0.002046
863.000000	20.185000	174.831890	0.001777
864.000000	20.187000	174.867115	0.002027
865.000000	20.189000	174.902342	0.001979
866.000000	20.191000	174.937572	0.002003
867.000000	20.193000	174.972806	0.001948
868.000000	20.195000	175.008043	0.002094
869.000000	20.197000	175.043286	0.001783
870.000000	20.199000	175.078531	0.002070
871.000000	20.201000	175.113779	0.002009
872.000000	20.203000	175.149030	0.001979
873.000000	20.205000	175.184287	0.002125
874.000000	20.207000	175.219546	0.001692
875.000000	20.209000	175.254808	0.002088
876.000000	20.211000	175.290074	0.001954
877.000000	20.213000	175.325343	0.002009
878.000000	20.215000	175.360618	0.001863
879.000000	20.217000	175.395894	0.002107
880.000000	20.219000	175.431174	0.001911
881.000000	20.221000	175.466458	0.002101
882.000000	20.223000	175.501745	0.001966
883.000000	20.225000	175.537037	0.002046
884.000000	20.227000	175.572331	0.001942
885.000000	20.229000	175.607629	0.002046
886.000000	20.231000	175.642930	0.001887
887.000000	20.233000	175.678237	0.001783
888.000000	20.235000	175.713545	0.002076
889.000000	20.237000	175.748857	0.001484
890.000000	20.239000	175.784173	0.001496
891.000000	20.241000	175.819492	0.001258
892.000000	20.243000	175.854816	0.001075
893.000000	20.245000	175.890142	0.001332
894.000000	20.247000	175.925472	0.001106
895.000000	20.249000	175.960805	0.001362
896.000000	20.251000	175.996142	0.001991
897.000000	20.253000	176.031484	0.001887
898.000000	20.255000	176.066828	0.001448
899.000000	20.257000	176.102175	0.002137
900.000000	20.259000	176.137526	0.001856
901.000000	20.261000	176.172882	0.001576
902.000000	20.263000	176.208240	0.002149
903.000000	20.265000	176.243602	0.001637
904.000000	20.267000	176.278967	0.002033
905.000000	20.269000	176.314335	0.001838
906.000000	20.271000	176.349710	0.001893
907.000000	20.273000	176.385085	0.001960
908.000000	20.275000	176.420465	0.001777
909.000000	20.277000	176.455847	0.001820
910.000000	20.279000	176.491236	0.002003
911.000000	20.281000	176.526626	0.001759
912.000000	20.283000	176.562019	0.001954
913.000000	20.285000	176.597416	0.001765
914.000000	20.287000	176.632817	0.002052
915.000000	20.289000	176.668223	0.001789
916.000000	20.291000	176.703630	0.001850
917.000000	20.293000	176.739042	0.001692
918.000000	20.295000	176.774456	0.001600
919.000000	20.297000	176.809875	0.001765
920.000000	20.299000	176.845298	0.001545
921.000000	20.301000	176.880724	0.001515
922.000000	20.303000	176.916153	0.001002
923.000000	20.305000	176.951585	0.001484
924.000000	20.307000	176.987023	0.001826
925.000000	20.309000	177.022463	0.001527
926.000000	20.311000	177.057906	0.001808
927.000000	20.313000	177.093353	0.002033
928.000000	20.315000	177.128803	0.001802
929.000000	20.317000	177.164259	0.001771
930.000000	20.319000	177.199716	0.001844
931.000000	20.321000	177.235177	0.001899
932.000000	20.323000	177.270641	0.001887
933.000000	20.325000	177.306109	0.001826
934.000000	20.327000	177.341583	0.001863
935.000000	20.329000	177.377058	0.001930
936.000000	20.331000	177.412536	0.001649
937.000000	20.333000	177.448018	0.001673
938.000000	20.335000	177.483506	0.001454
939.000000	20.337000	177.518995	0.001313
940.000000	20.339000	177.554488	0.001106
941.000000	20.341000	177.589985	0.001106
942.000000	20.343000	177.625484	0.000520
943.000000	20.345000	177.660990	0.000215
944.000000	20.347000	177.696497	0.000154
945.000000	20.349000	177.732007	0.000227
946.000000	20.351000	177.767522	-0.001153
947.000000	20.353000	177.803039	-0.003271
948.000000	20.355000	177.838562	-0.007067
949.000000	20.357000	177.874087	-0.007946
950.000000	20.359000	177.909615	-0.007952
951.000000	20.361000	177.945147	-0.003911
952.000000	20.363000	177.980685	-0.002208
953.000000	20.365000	178.016223	-0.000939
954.000000	20.367000	178.051766	-0.000768
955.000000	20.369000	178.087312	0.000172
956.000000	20.371000	178.122861	0.000752
957.000000	20.373000	178.158417	0.001100
958.000000	20.375000	178.193973	0.001252
959.000000	20.377000	178.229533	0.001515
960.000000	20.379000	178.265097	0.001362
961.000000	20.381000	178.300664	0.001454
962.000000	20.383000	178.336237	0.001740
963.000000	20.385000	178.371812	0.001740
964.000000	20.387000	178.407390	0.002027
965.000000	20.389000	178.442971	0.001649
966.000000	20.391000	178.478558	0.002107
967.000000	20.393000	178.514147	0.001881
968.000000	20.395000	178.549739	0.001728
969.000000	20.397000	178.585335	0.001551
970.000000	20.399000	178.620934	0.001869
971.000000	20.401000	178.656539	0.001643
972.000000	20.403000	178.692145	0.001692
973.000000	20.405000	178.727755	0.001307
974.000000	20.407000	178.763368	0.000727
975.000000	20.409000	178.798985	0.000746
976.000000	20.411000	178.834608	-0.000573
977.000000	20.413000	178.870232	0.000099
978.000000	20.415000	178.905859	-0.000518
979.000000	20.417000	178.941491	-0.000335
980.000000	20.419000	178.977127	0.001185
981.000000	20.421000	179.012766	0.001191
982.000000	20.423000	179.048407	0.000990
983.000000	20.425000	179.084053	0.001319
984.000000	20.427000	179.119702	0.001295
985.000000	20.429000	179.155356	0.001673
986.000000	20.431000	179.191012	0.001368
987.000000	20.433000	179.226672	0.001783
988.000000	20.435000	179.262335	0.001917
989.000000	20.437000	179.298001	0.001557
990.000000	20.439000	179.333674	0.002003
991.000000	20.441000	179.369347	0.001625
992.000000	20.443000	179.405025	0.001625
993.000000	20.445000	179.440705	0.001692
994.000000	20.447000	179.476392	0.001985
995.000000	20.449000	179.512080	0.001789
996.000000	20.451000	179.547771	0.001734
997.000000	20.453000	179.583466	0.001722
998.000000	20.455000	179.619165	0.001521
999.000000	20.457000	179.654869	0.001301
1000.000000	20.459000	179.690575	0.001417
