0.000000	18.459000	141.276289	0.002400
1.000000	18.461000	141.307759	0.002510
2.000000	18.463000	141.339233	0.002314
3.000000	18.465000	141.370711	0.002400
4.000000	18.467000	141.402192	0.002595
5.000000	18.469000	141.433676	0.002479
6.000000	18.471000	141.465164	0.002534
7.000000	18.473000	141.496656	0.002290
8.000000	18.475000	141.528151	0.002485
9.000000	18.477000	141.559650	0.002461
10.000000	18.479000	141.591152	0.002503
11.000000	18.481000	141.622657	0.002473
12.000000	18.483000	141.654166	0.002314
13.000000	18.485000	141.685679	0.002613
14.000000	18.487000	141.717195	0.002345
15.000000	18.489000	141.748715	0.002528
16.000000	18.491000	141.780238	0.002436
17.000000	18.493000	141.811764	0.002394
18.000000	18.495000	141.843294	0.002632
19.000000	18.497000	141.874828	0.002448
20.000000	18.499000	141.906365	0.002418
21.000000	18.501000	141.937906	0.002333
22.000000	18.503000	141.969450	0.002528
23.000000	18.505000	142.000997	0.002412
24.000000	18.507000	142.032549	0.002363
25.000000	18.509000	142.064103	0.002528
26.000000	18.511000	142.095661	0.002448
27.000000	18.513000	142.127223	0.002497
28.000000	18.515000	142.158788	0.002381
29.000000	18.517000	142.190357	0.002418
30.000000	18.519000	142.221929	0.002479
31.000000	18.521000	142.253505	0.002589
32.000000	18.523000	142.285084	0.002369
33.000000	18.525000	142.316666	0.002497
34.000000	18.527000	142.348253	0.002418
35.000000	18.529000	142.379842	0.002339
36.000000	18.531000	142.411435	0.002436
37.000000	18.533000	142.443032	0.002424
38.000000	18.535000	142.474632	0.002424
39.000000	18.537000	142.506236	0.002387
40.000000	18.539000	142.537843	0.002510
41.000000	18.541000	142.569454	0.002601
42.000000	18.543000	142.601068	0.002497
43.000000	18.545000	142.632686	0.002564
44.000000	18.547000	142.664307	0.002534
45.000000	18.549000	142.695932	0.002394
46.000000	18.551000	142.727560	0.002583
47.000000	18.553000	142.759192	0.002497
48.000000	18.555000	142.790827	0.002571
49.000000	18.557000	142.822466	0.002381
50.000000	18.559000	142.854108	0.002552
51.000000	18.561000	142.885754	0.002357
52.000000	18.563000	142.917403	0.002613
53.000000	18.565000	142.949056	0.002564
54.000000	18.567000	142.980712	0.002448
55.000000	18.569000	143.012372	0.002455
56.000000	18.571000	143.044035	0.002491
57.000000	18.573000	143.075702	0.002546
58.000000	18.575000	143.107372	0.002577
59.000000	18.577000	143.139046	0.002333
60.000000	18.579000	143.170723	0.002387
61.000000	18.581000	143.202404	0.002546
62.000000	18.583000	143.234088	0.002198
63.000000	18.585000	143.265776	0.002522
64.000000	18.587000	143.297468	0.002229
65.000000	18.589000	143.329163	0.002369
66.000000	18.591000	143.360861	0.002320
67.000000	18.593000	143.392563	0.002271
68.000000	18.595000	143.424268	0.002455
69.000000	18.597000	143.455977	0.002320
70.000000	18.599000	143.487689	0.002473
71.000000	18.601000	143.519405	0.002516
72.000000	18.603000	143.551124	0.002497
73.000000	18.605000	143.582847	0.002406
74.000000	18.607000	143.614574	0.002381
75.000000	18.609000	143.646303	0.002259
76.000000	18.611000	143.678037	0.002564
77.000000	18.613000	143.709774	0.002534
78.000000	18.615000	143.741514	0.002583
79.000000	18.617000	143.773258	0.002369
80.000000	18.619000	143.805006	0.002485
81.000000	18.621000	143.836756	0.002540
82.000000	18.623000	143.868511	0.002271
83.000000	18.625000	143.900269	0.002479
84.000000	18.627000	143.932030	0.002430
85.000000	18.629000	143.963795	0.002473
86.000000	18.631000	143.995563	0.002491
87.000000	18.633000	144.027335	0.002461
88.000000	18.635000	144.059111	0.002320
89.000000	18.637000	144.090890	0.002455
90.000000	18.639000	144.122672	0.002619
91.000000	18.641000	144.154458	0.002271
92.000000	18.643000	144.186248	0.002412
93.000000	18.645000	144.218041	0.002412
94.000000	18.647000	144.249837	0.002400
95.000000	18.649000	144.281637	0.002522
96.000000	18.651000	144.313440	0.002430
97.000000	18.653000	144.345247	0.002522
98.000000	18.655000	144.377058	0.002320
99.000000	18.657000	144.408872	0.002381
100.000000	18.659000	144.440689	0.002412
101.000000	18.661000	144.472510	0.002595
102.000000	18.663000	144.504335	0.002522
103.000000	18.665000	144.536163	0.002302
104.000000	18.667000	144.567994	0.002528
105.000000	18.669000	144.599829	0.002473
106.000000	18.671000	144.631668	0.002406
107.000000	18.673000	144.663510	0.002400
108.000000	18.675000	144.695356	0.002546
109.000000	18.677000	144.727204	0.002265
110.000000	18.679000	144.759057	0.002601
111.000000	18.681000	144.790913	0.002467
112.000000	18.683000	144.822773	0.002540
113.000000	18.685000	144.854636	0.002613
114.000000	18.687000	144.886502	0.002369
115.000000	18.689000	144.918372	0.002479
116.000000	18.691000	144.950246	0.002534
117.000000	18.693000	144.982123	0.002546
118.000000	18.695000	145.014004	0.002406
119.000000	18.697000	145.045888	0.002326
120.000000	18.699000	145.077775	0.002424
121.000000	18.701000	145.109666	0.002369
122.000000	18.703000	145.141561	0.002436
123.000000	18.705000	145.173459	0.002516
124.000000	18.707000	145.205361	0.002381
125.000000	18.709000	145.237266	0.002284
126.000000	18.711000	145.269174	0.002497
127.000000	18.713000	145.301086	0.002394
128.000000	18.715000	145.333002	0.002473
129.000000	18.717000	145.364921	0.002412
130.000000	18.719000	145.396844	0.002619
131.000000	18.721000	145.428770	0.002369
132.000000	18.723000	145.460699	0.002436
133.000000	18.725000	145.492633	0.002290
134.000000	18.727000	145.524569	0.002516
135.000000	18.729000	145.556510	0.002552
136.000000	18.731000	145.588453	0.002485
137.000000	18.733000	145.620401	0.002516
138.000000	18.735000	145.652351	0.002326
139.000000	18.737000	145.684305	0.002314
140.000000	18.739000	145.716263	0.002503
141.000000	18.741000	145.748224	0.002375
142.000000	18.743000	145.780189	0.002497
143.000000	18.745000	145.812157	0.002369
144.000000	18.747000	145.844129	0.002571
145.000000	18.749000	145.876104	0.002162
146.000000	18.751000	145.908082	0.002687
147.000000	18.753000	145.940065	0.002271
148.000000	18.755000	145.972051	0.002497
149.000000	18.757000	146.004040	0.002302
150.000000	18.759000	146.036033	0.002363
151.000000	18.761000	146.068029	0.002290
152.000000	18.763000	146.100029	0.002241
153.000000	18.765000	146.132032	0.002558
154.000000	18.767000	146.164038	0.002424
155.000000	18.769000	146.196049	0.002369
156.000000	18.771000	146.228063	0.002418
157.000000	18.773000	146.260080	0.002137
158.000000	18.775000	146.292101	0.002223
159.000000	18.777000	146.324125	0.001960
160.000000	18.779000	146.356153	0.002107
161.000000	18.781000	146.388184	0.002290
162.000000	18.783000	146.420219	0.002357
163.000000	18.785000	146.452257	0.002119
164.000000	18.787000	146.484299	0.002363
165.000000	18.789000	146.516344	0.002302
166.000000	18.791000	146.548393	0.002210
167.000000	18.793000	146.580445	0.002174
168.000000	18.795000	146.612501	0.002204
169.000000	18.797000	146.644560	0.002345
170.000000	18.799000	146.676623	0.002290
171.000000	18.801000	146.708690	0.002516
172.000000	18.803000	146.740759	0.002333
173.000000	18.805000	146.772833	0.002070
174.000000	18.807000	146.804910	0.002198
175.000000	18.809000	146.836990	0.002326
176.000000	18.811000	146.869074	0.002516
177.000000	18.813000	146.901161	0.002278
178.000000	18.815000	146.933252	0.002217
179.000000	18.817000	146.965346	0.002131
180.000000	18.819000	146.997444	0.002149
181.000000	18.821000	147.029546	0.002180
182.000000	18.823000	147.061650	0.002009
183.000000	18.825000	147.093759	0.002027
184.000000	18.827000	147.125871	0.002027
185.000000	18.829000	147.157986	0.001582
186.000000	18.831000	147.190105	0.001649
187.000000	18.833000	147.222228	0.001399
188.000000	18.835000	147.254354	0.000831
189.000000	18.837000	147.286483	0.000215
190.000000	18.839000	147.318616	-0.000011
191.000000	18.841000	147.350752	-0.000768
192.000000	18.843000	147.382892	-0.001391
193.000000	18.845000	147.415036	-0.000231
194.000000	18.847000	147.447183	-0.000805
195.000000	18.849000	147.479333	0.000501
196.000000	18.851000	147.511487	0.000508
197.000000	18.853000	147.543644	0.001179
198.000000	18.855000	147.575805	0.000807
199.000000	18.857000	147.607970	0.001814
200.000000	18.859000	147.640138	0.001118
201.000000	18.861000	147.672309	0.002003
202.000000	18.863000	147.704484	0.001692
203.000000	18.865000	147.736662	0.001948
204.000000	18.867000	147.768845	0.001917
205.000000	18.869000	147.801030	0.002040
206.000000	18.871000	147.833219	0.001643
207.000000	18.873000	147.865412	0.002015
208.000000	18.875000	147.897608	0.002363
209.000000	18.877000	147.929807	0.001716
210.000000	18.879000	147.962010	0.001563
211.000000	18.881000	147.994217	0.001460
212.000000	18.883000	148.026427	0.001563
213.000000	18.885000	148.058640	0.001667
214.000000	18.887000	148.090857	0.000831
215.000000	18.889000	148.123078	0.000349
216.000000	18.891000	148.155302	-0.000188
217.000000	18.893000	148.187529	-0.000231
218.000000	18.895000	148.219760	-0.001848
219.000000	18.897000	148.251995	-0.003307
220.000000	18.899000	148.284233	-0.003197
221.000000	18.901000	148.316475	-0.004729
222.000000	18.903000	148.348720	-0.005706
223.000000	18.905000	148.380969	-0.005883
224.000000	18.907000	148.413220	-0.006005
225.000000	18.909000	148.445476	-0.005108
226.000000	18.911000	148.477735	-0.004510
227.000000	18.913000	148.509998	-0.002923
228.000000	18.915000	148.542264	-0.002428
229.000000	18.917000	148.574534	-0.002550
230.000000	18.919000	148.606807	-0.001726
231.000000	18.921000	148.639083	-0.000719
232.000000	18.923000	148.671363	-0.000133
233.000000	18.925000	148.703647	-0.001562
234.000000	18.927000	148.735934	-0.000469
235.000000	18.929000	148.768225	-0.000286
236.000000	18.931000	148.800519	-0.002135
237.000000	18.933000	148.832817	-0.002764
238.000000	18.935000	148.865118	-0.004986
239.000000	18.937000	148.897422	-0.006505
240.000000	18.939000	148.929730	-0.009313
241.000000	18.941000	148.962042	-0.013738
242.000000	18.943000	148.994357	-0.019298
243.000000	18.945000	149.026676	-0.024169
244.000000	18.947000	149.058998	-0.036352
245.000000	18.949000	149.091324	-0.047643
246.000000	18.951000	149.123653	-0.068145
247.000000	18.953000	149.155986	-0.089104
248.000000	18.955000	149.188322	-0.109362
249.000000	18.957000	149.220662	-0.133874
250.000000	18.959000	149.253005	-0.182628
251.000000	18.961000	149.285352	-0.252404
252.000000	18.963000	149.317702	-0.301153
253.000000	18.965000	149.350056	-0.308843
254.000000	18.967000	149.382413	-0.296270
255.000000	18.969000	149.414774	-0.266063
256.000000	18.971000	149.447138	-0.229162
257.000000	18.973000	149.479505	-0.191735
258.000000	18.975000	149.511877	-0.157323
259.000000	18.977000	149.544251	-0.126140
260.000000	18.979000	149.576630	-0.093834
261.000000	18.981000	149.609011	-0.066204
262.000000	18.983000	149.641397	-0.050561
263.000000	18.985000	149.673786	-0.039983
264.000000	18.987000	149.706177	-0.035497
265.000000	18.989000	149.738574	-0.030382
266.000000	18.991000	149.770973	-0.020562
267.000000	18.993000	149.803376	-0.011907
268.000000	18.995000	149.835782	-0.008678
269.000000	18.997000	149.868192	-0.008507
270.000000	18.999000	149.900605	-0.005022
271.000000	19.001000	149.933021	-0.004711
272.000000	19.003000	149.965442	-0.004888
273.000000	19.005000	149.997866	-0.004070
274.000000	19.007000	150.030294	-0.004125
275.000000	19.009000	150.062724	-0.006359
276.000000	19.011000	150.095159	-0.005742
277.000000	19.013000	150.127596	-0.010521
278.000000	19.015000	150.160037	-0.012115
279.000000	19.017000	150.192483	-0.015490
280.000000	19.019000	150.224931	-0.018871
281.000000	19.021000	150.257383	-0.026873
282.000000	19.023000	150.289838	-0.042754
283.000000	19.025000	150.322297	-0.046294
284.000000	19.027000	150.354759	-0.041741
285.000000	19.029000	150.387225	-0.033343
286.000000	19.031000	150.419695	-0.027233
287.000000	19.033000	150.452167	-0.022710
288.000000	19.035000	150.484644	-0.019256
289.000000	19.037000	150.517124	-0.016240
290.000000	19.039000	150.549608	-0.010320
291.000000	19.041000	150.582094	-0.009606
292.000000	19.043000	150.614584	-0.005962
293.000000	19.045000	150.647078	-0.005266
294.000000	19.047000	150.679575	-0.003893
295.000000	19.049000	150.712077	-0.003881
296.000000	19.051000	150.744581	-0.002495
297.000000	19.053000	150.777089	-0.002416
298.000000	19.055000	150.809600	-0.000121
299.000000	19.057000	150.842115	-0.001012
300.000000	19.059000	150.874634	0.000032
301.000000	19.061000	150.907156	-0.000304
302.000000	19.063000	150.939682	-0.000011
303.000000	19.065000	150.972210	0.000544
304.000000	19.067000	151.004743	0.000123
305.000000	19.069000	151.037279	0.000935
306.000000	19.071000	151.069818	0.000160
307.000000	19.073000	151.102361	0.000477
308.000000	19.075000	151.134907	-0.000164
309.000000	19.077000	151.167458	0.000202
310.000000	19.079000	151.200011	-0.000805
311.000000	19.081000	151.232568	-0.001128
312.000000	19.083000	151.265129	-0.002715
313.000000	19.085000	151.297692	-0.004076
314.000000	19.087000	151.330260	-0.003356
315.000000	19.089000	151.362831	-0.003631
316.000000	19.091000	151.395406	-0.002660
317.000000	19.093000	151.427984	-0.001031
318.000000	19.095000	151.460566	-0.000597
319.000000	19.097000	151.493150	0.000831
320.000000	19.099000	151.525739	0.000544
321.000000	19.101000	151.558331	0.000721
322.000000	19.103000	151.590926	0.001130
323.000000	19.105000	151.623526	0.001057
324.000000	19.107000	151.656128	0.001014
325.000000	19.109000	151.688734	0.001716
326.000000	19.111000	151.721344	0.001386
327.000000	19.113000	151.753957	0.002058
328.000000	19.115000	151.786573	0.001814
329.000000	19.117000	151.819193	0.002070
330.000000	19.119000	151.851817	0.002033
331.000000	19.121000	151.884444	0.002125
332.000000	19.123000	151.917075	0.001966
333.000000	19.125000	151.949709	0.001637
334.000000	19.127000	151.982347	0.002473
335.000000	19.129000	152.014988	0.002058
336.000000	19.131000	152.047632	0.002241
337.000000	19.133000	152.080281	0.001972
338.000000	19.135000	152.112932	0.001881
339.000000	19.137000	152.145587	0.001734
340.000000	19.139000	152.178246	0.001979
341.000000	19.141000	152.210908	0.002290
342.000000	19.143000	152.243574	0.001612
343.000000	19.145000	152.276242	0.002156
344.000000	19.147000	152.308916	0.001679
345.000000	19.149000	152.341591	0.001563
346.000000	19.151000	152.374271	0.001417
347.000000	19.153000	152.406954	0.002046
348.000000	19.155000	152.439641	0.001789
349.000000	19.157000	152.472331	0.001887
350.000000	19.159000	152.505025	0.001734
351.000000	19.161000	152.537722	0.002015
352.000000	19.163000	152.570423	0.001771
353.000000	19.165000	152.603127	0.001783
354.000000	19.167000	152.635835	0.001930
355.000000	19.169000	152.668546	0.002027
356.000000	19.171000	152.701261	0.001936
357.000000	19.173000	152.733978	0.001570
358.000000	19.175000	152.766701	0.001948
359.000000	19.177000	152.799426	0.001795
360.000000	19.179000	152.832155	0.001771
361.000000	19.181000	152.864887	0.001557
362.000000	19.183000	152.897623	0.001698
363.000000	19.185000	152.930362	0.001612
364.000000	19.187000	152.963104	0.001911
365.000000	19.189000	152.995851	0.001460
366.000000	19.191000	153.028600	0.001631
367.000000	19.193000	153.061354	0.001612
368.000000	19.195000	153.094110	0.001368
369.000000	19.197000	153.126871	0.001710
370.000000	19.199000	153.159635	0.001539
371.000000	19.201000	153.192402	0.001020
372.000000	19.203000	153.225173	0.001545
373.000000	19.205000	153.257947	0.001509
374.000000	19.207000	153.290725	0.001356
375.000000	19.209000	153.323506	0.001386
376.000000	19.211000	153.356291	0.001405
377.000000	19.213000	153.389079	0.001722
378.000000	19.215000	153.421871	0.001814
379.000000	19.217000	153.454667	0.001411
380.000000	19.219000	153.487465	0.001692
381.000000	19.221000	153.520268	0.001679
382.000000	19.223000	153.553073	0.001722
383.000000	19.225000	153.585883	0.001838
384.000000	19.227000	153.618696	0.001911
385.000000	19.229000	153.651512	0.001997
386.000000	19.231000	153.684332	0.001863
387.000000	19.233000	153.717155	0.001979
388.000000	19.235000	153.749982	0.001863
389.000000	19.237000	153.782812	0.001881
390.000000	19.239000	153.815647	0.002021
391.000000	19.241000	153.848484	0.002046
392.000000	19.243000	153.881324	0.001759
393.000000	19.245000	153.914169	0.001966
394.000000	19.247000	153.947017	0.001936
395.000000	19.249000	153.979868	0.002003
396.000000	19.251000	154.012723	0.001899
397.000000	19.253000	154.045582	0.002345
398.000000	19.255000	154.078443	0.001795
399.000000	19.257000	154.111308	0.002094
400.000000	19.259000	154.144178	0.002082
401.000000	19.261000	154.177050	0.002198
402.000000	19.263000	154.209926	0.002265
403.000000	19.265000	154.242805	0.002210
404.000000	19.267000	154.275689	0.002156
405.000000	19.269000	154.308575	0.002021
406.000000	19.271000	154.341465	0.002406
407.000000	19.273000	154.374359	0.002229
408.000000	19.275000	154.407255	0.002326
409.000000	19.277000	154.440156	0.002290
410.000000	19.279000	154.473060	0.002491
411.000000	19.281000	154.505968	0.002204
412.000000	19.283000	154.538878	0.002290
413.000000	19.285000	154.571792	0.002290
414.000000	19.287000	154.604711	0.002436
415.000000	19.289000	154.637632	0.002333
416.000000	19.291000	154.670558	0.002204
417.000000	19.293000	154.703486	0.002259
418.000000	19.295000	154.736418	0.002528
419.000000	19.297000	154.769353	0.002235
420.000000	19.299000	154.802292	0.002296
421.000000	19.301000	154.835235	0.002375
422.000000	19.303000	154.868181	0.002394
423.000000	19.305000	154.901131	0.002088
424.000000	19.307000	154.934083	0.002204
425.000000	19.309000	154.967040	0.002265
426.000000	19.311000	155.000000	0.002351
427.000000	19.313000	155.032963	0.002302
428.000000	19.315000	155.065931	0.002235
429.000000	19.317000	155.098901	0.002192
430.000000	19.319000	155.131876	0.002131
431.000000	19.321000	155.164853	0.002271
432.000000	19.323000	155.197834	0.002394
433.000000	19.325000	155.230818	0.001844
434.000000	19.327000	155.263806	0.002265
435.000000	19.329000	155.296798	0.002094
436.000000	19.331000	155.329793	0.001930
437.000000	19.333000	155.362792	0.002308
438.000000	19.335000	155.395794	0.001734
439.000000	19.337000	155.428800	0.002156
440.000000	19.339000	155.461809	0.002040
441.000000	19.341000	155.494821	0.001802
442.000000	19.343000	155.527838	0.001979
443.000000	19.345000	155.560857	0.002040
444.000000	19.347000	155.593880	0.001911
445.000000	19.349000	155.626907	0.001631
446.000000	19.351000	155.659937	0.001936
447.000000	19.353000	155.692971	0.001960
448.000000	19.355000	155.726007	0.001966
449.000000	19.357000	155.759049	0.001661
450.000000	19.359000	155.792092	0.002180
451.000000	19.361000	155.825141	0.001771
452.000000	19.363000	155.858191	0.001686
453.000000	19.365000	155.891247	0.002052
454.000000	19.367000	155.924304	0.001722
455.000000	19.369000	155.957367	0.002149
456.000000	19.371000	155.990431	0.001856
457.000000	19.373000	156.023500	0.002046
458.000000	19.375000	156.056572	0.001997
459.000000	19.377000	156.089648	0.001826
460.000000	19.379000	156.122727	0.001802
461.000000	19.381000	156.155810	0.002003
462.000000	19.383000	156.188896	0.001826
463.000000	19.385000	156.221986	0.001808
464.000000	19.387000	156.255079	0.001869
465.000000	19.389000	156.288176	0.002040
466.000000	19.391000	156.321276	0.001911
467.000000	19.393000	156.354380	0.002046
468.000000	19.395000	156.387487	0.001899
469.000000	19.397000	156.420598	0.002271
470.000000	19.399000	156.453712	0.002137
471.000000	19.401000	156.486829	0.001997
472.000000	19.403000	156.519951	0.002406
473.000000	19.405000	156.553076	0.002162
474.000000	19.407000	156.586204	0.002265
475.000000	19.409000	156.619336	0.002082
476.000000	19.411000	156.652472	0.002223
477.000000	19.413000	156.685610	0.002003
478.000000	19.415000	156.718752	0.002406
479.000000	19.417000	156.751898	0.002265
480.000000	19.419000	156.785047	0.002070
481.000000	19.421000	156.818200	0.002284
482.000000	19.423000	156.851356	0.002259
483.000000	19.425000	156.884517	0.002473
484.000000	19.427000	156.917680	0.002009
485.000000	19.429000	156.950846	0.002235
486.000000	19.431000	156.984017	0.002113
487.000000	19.433000	157.017190	0.002180
488.000000	19.435000	157.050368	0.002485
489.000000	19.437000	157.083549	0.002192
490.000000	19.439000	157.116734	0.002253
491.000000	19.441000	157.149921	0.002210
492.000000	19.443000	157.183112	0.002210
493.000000	19.445000	157.216307	0.002369
494.000000	19.447000	157.249505	0.002424
495.000000	19.449000	157.282708	0.002442
496.000000	19.451000	157.315913	0.002461
497.000000	19.453000	157.349122	0.002375
498.000000	19.455000	157.382334	0.002473
499.000000	19.457000	157.415550	0.002296
500.000000	19.459000	157.448770	0.002253
501.000000	19.461000	157.481993	0.002375
502.000000	19.463000	157.515219	0.002375
503.000000	19.465000	157.548449	0.002204
504.000000	19.467000	157.581682	0.002528
505.000000	19.469000	157.614918	0.002345
506.000000	19.471000	157.648160	0.002302
507.000000	19.473000	157.681404	0.002381
508.000000	19.475000	157.714651	0.002143
509.000000	19.477000	157.747901	0.002192
510.000000	19.479000	157.781157	0.002223
511.000000	19.481000	157.814415	0.002400
512.000000	19.483000	157.847676	0.002265
513.000000	19.485000	157.880940	0.002357
514.000000	19.487000	157.914208	0.002064
515.000000	19.489000	157.947482	0.002540
516.000000	19.491000	157.980757	0.002345
517.000000	19.493000	158.014035	0.002442
518.000000	19.495000	158.047317	0.002192
519.000000	19.497000	158.080605	0.002174
520.000000	19.499000	158.113894	0.002131
521.000000	19.501000	158.147187	0.002107
522.000000	19.503000	158.180483	0.002363
523.000000	19.505000	158.213782	0.002326
524.000000	19.507000	158.247087	0.001869
525.000000	19.509000	158.280394	0.002241
526.000000	19.511000	158.313704	0.002131
527.000000	19.513000	158.347018	0.002156
528.000000	19.515000	158.380335	0.002314
529.000000	19.517000	158.413657	0.002137
530.000000	19.519000	158.446982	0.002223
531.000000	19.521000	158.480309	0.002247
532.000000	19.523000	158.513640	0.002333
533.000000	19.525000	158.546977	0.002088
534.000000	19.527000	158.580315	0.002217
535.000000	19.529000	158.613657	0.002333
536.000000	19.531000	158.647002	0.002290
537.000000	19.533000	158.680350	0.002162
538.000000	19.535000	158.713705	0.002241
539.000000	19.537000	158.747060	0.002241
540.000000	19.539000	158.780419	0.002137
541.000000	19.541000	158.813782	0.002271
542.000000	19.543000	158.847148	0.002070
543.000000	19.545000	158.880520	0.002040
544.000000	19.547000	158.913893	0.001844
545.000000	19.549000	158.947270	0.002131
546.000000	19.551000	158.980650	0.001734
547.000000	19.553000	159.014036	0.001850
548.000000	19.555000	159.047423	0.001332
549.000000	19.557000	159.080814	0.000050
550.000000	19.559000	159.114208	0.000587
551.000000	19.561000	159.147606	0.000245
552.000000	19.563000	159.181009	0.001039
553.000000	19.565000	159.214414	0.001722
554.000000	19.567000	159.247822	0.001576
555.000000	19.569000	159.281234	0.001710
556.000000	19.571000	159.314649	0.001893
557.000000	19.573000	159.348069	0.002223
558.000000	19.575000	159.381492	0.002131
559.000000	19.577000	159.414918	0.002003
560.000000	19.579000	159.448347	0.002516
561.000000	19.581000	159.481782	0.002394
562.000000	19.583000	159.515218	0.002229
563.000000	19.585000	159.548658	0.001991
564.000000	19.587000	159.582101	0.002149
565.000000	19.589000	159.615548	0.002406
566.000000	19.591000	159.649000	0.002302
567.000000	19.593000	159.682454	0.002259
568.000000	19.595000	159.715911	0.002320
569.000000	19.597000	159.749372	0.002040
570.000000	19.599000	159.782836	0.002442
571.000000	19.601000	159.816306	0.001747
572.000000	19.603000	159.849777	0.001783
573.000000	19.605000	159.883252	0.001063
574.000000	19.607000	159.916730	0.000367
575.000000	19.609000	159.950214	-0.000744
576.000000	19.611000	159.983700	-0.002099
577.000000	19.613000	160.017188	-0.004503
578.000000	19.615000	160.050681	-0.007458
579.000000	19.617000	160.084177	-0.008599
580.000000	19.619000	160.117678	-0.009435
581.000000	19.621000	160.151181	-0.007860
582.000000	19.623000	160.184687	-0.005132
583.000000	19.625000	160.218197	-0.003728
584.000000	19.627000	160.251710	-0.001586
585.000000	19.629000	160.285229	-0.001171
586.000000	19.631000	160.318750	-0.000237
587.000000	19.633000	160.352274	0.000324
588.000000	19.635000	160.385801	0.001350
589.000000	19.637000	160.419334	0.001161
590.000000	19.639000	160.452868	0.001374
591.000000	19.641000	160.486406	0.001594
592.000000	19.643000	160.519948	0.001850
593.000000	19.645000	160.553493	0.001966
594.000000	19.647000	160.587043	0.001545
595.000000	19.649000	160.620595	0.001881
596.000000	19.651000	160.654150	0.001844
597.000000	19.653000	160.687709	0.001264
598.000000	19.655000	160.721272	0.000752
599.000000	19.657000	160.754840	0.001460
600.000000	19.659000	160.788409	0.000184
601.000000	19.661000	160.821982	-0.000072
602.000000	19.663000	160.855558	-0.001116
603.000000	19.665000	160.889140	-0.003264
604.000000	19.667000	160.922724	-0.005626
605.000000	19.669000	160.956311	-0.006566
606.000000	19.671000	160.989901	-0.012096
607.000000	19.673000	161.023495	-0.025573
608.000000	19.675000	161.057095	-0.039763
609.000000	19.677000	161.090696	-0.038122
610.000000	19.679000	161.124300	-0.029558
611.000000	19.681000	161.157908	-0.021972
612.000000	19.683000	161.191520	-0.014446
613.000000	19.685000	161.225137	-0.009118
614.000000	19.687000	161.258755	-0.007384
615.000000	19.689000	161.292377	-0.006267
616.000000	19.691000	161.326003	-0.003057
617.000000	19.693000	161.359634	-0.001037
618.000000	19.695000	161.393267	0.000038
619.000000	19.697000	161.426903	0.000819
620.000000	19.699000	161.460542	0.000300
621.000000	19.701000	161.494185	0.000581
622.000000	19.703000	161.527834	0.001356
623.000000	19.705000	161.561484	0.001411
624.000000	19.707000	161.595137	0.002094
625.000000	19.709000	161.628794	0.001612
626.000000	19.711000	161.662455	0.002174
627.000000	19.713000	161.696121	0.001661
628.000000	19.715000	161.729789	0.001625
629.000000	19.717000	161.763460	0.001661
630.000000	19.719000	161.797134	0.001942
631.000000	19.721000	161.830814	0.001350
632.000000	19.723000	161.864496	0.001295
633.000000	19.725000	161.898181	0.000678
634.000000	19.727000	161.931870	0.001026
635.000000	19.729000	161.965562	-0.000731
636.000000	19.731000	161.999259	-0.001726
637.000000	19.733000	162.032959	-0.004094
638.000000	19.735000	162.066661	-0.004107
639.000000	19.737000	162.100367	-0.004033
640.000000	19.739000	162.134079	-0.001635
641.000000	19.741000	162.167792	-0.001635
642.000000	19.743000	162.201509	-0.000463
643.000000	19.745000	162.235229	-0.000207
644.000000	19.747000	162.268953	0.000990
645.000000	19.749000	162.302682	0.001295
646.000000	19.751000	162.336412	0.001539
647.000000	19.753000	162.370147	0.001496
648.000000	19.755000	162.403884	0.002094
649.000000	19.757000	162.437626	0.001948
650.000000	19.759000	162.471372	0.001814
651.000000	19.761000	162.505120	0.001875
652.000000	19.763000	162.538872	0.001875
653.000000	19.765000	162.572627	0.001856
654.000000	19.767000	162.606388	0.001777
655.000000	19.769000	162.640150	0.001966
656.000000	19.771000	162.673916	0.001948
657.000000	19.773000	162.707685	0.001942
658.000000	19.775000	162.741458	0.001563
659.000000	19.777000	162.775236	0.001570
660.000000	19.779000	162.809016	0.001240
661.000000	19.781000	162.842799	0.000898
662.000000	19.783000	162.876586	0.000831
663.000000	19.785000	162.910376	0.001216
664.000000	19.787000	162.944172	0.000013
665.000000	19.789000	162.977969	-0.002117
666.000000	19.791000	163.011770	-0.003509
667.000000	19.793000	163.045574	-0.004229
668.000000	19.795000	163.079384	-0.002624
669.000000	19.797000	163.113195	-0.001427
670.000000	19.799000	163.147010	-0.000335
671.000000	19.801000	163.180828	0.000001
672.000000	19.803000	163.214650	0.000465
673.000000	19.805000	163.248477	0.001020
674.000000	19.807000	163.282306	0.001161
675.000000	19.809000	163.316138	0.001478
676.000000	19.811000	163.349974	0.001710
677.000000	19.813000	163.383814	0.001924
678.000000	19.815000	163.417658	0.001777
679.000000	19.817000	163.451505	0.001771
680.000000	19.819000	163.485355	0.002101
681.000000	19.821000	163.519208	0.002174
682.000000	19.823000	163.553067	0.002125
683.000000	19.825000	163.586927	0.002058
684.000000	19.827000	163.620791	0.002094
685.000000	19.829000	163.654658	0.002058
686.000000	19.831000	163.688529	0.001789
687.000000	19.833000	163.722406	0.002101
688.000000	19.835000	163.756283	0.001661
689.000000	19.837000	163.790165	0.001875
690.000000	19.839000	163.824050	0.001197
691.000000	19.841000	163.857938	0.001643
692.000000	19.843000	163.891832	0.001094
693.000000	19.845000	163.925727	0.000569
694.000000	19.847000	163.959626	0.000343
695.000000	19.849000	163.993529	-0.000817
696.000000	19.851000	164.027437	0.000355
697.000000	19.853000	164.061346	-0.000194
698.000000	19.855000	164.095259	0.000630
699.000000	19.857000	164.129175	0.000172
700.000000	19.859000	164.163095	0.001246
701.000000	19.861000	164.197021	0.000978
702.000000	19.863000	164.230948	0.001448
703.000000	19.865000	164.264878	0.001576
704.000000	19.867000	164.298812	0.001393
705.000000	19.869000	164.332749	0.001679
706.000000	19.871000	164.366692	0.001679
707.000000	19.873000	164.400637	0.001667
708.000000	19.875000	164.434585	0.001850
709.000000	19.877000	164.468536	0.001960
710.000000	19.879000	164.502493	0.002052
711.000000	19.881000	164.536452	0.001844
712.000000	19.883000	164.570414	0.001911
713.000000	19.885000	164.604379	0.002076
714.000000	19.887000	164.638348	0.001295
715.000000	19.889000	164.672323	0.001930
716.000000	19.891000	164.706299	0.001551
717.000000	19.893000	164.740278	0.001057
718.000000	19.895000	164.774261	0.000611
719.000000	19.897000	164.808248	0.000050
720.000000	19.899000	164.842240	-0.001385
721.000000	19.901000	164.876233	-0.001757
722.000000	19.903000	164.910230	-0.005309
723.000000	19.905000	164.944231	-0.013878
724.000000	19.907000	164.978237	-0.014599
725.000000	19.909000	165.012245	-0.015465
726.000000	19.911000	165.046256	-0.010918
727.000000	19.913000	165.080270	-0.005858
728.000000	19.915000	165.114288	-0.003875
729.000000	19.917000	165.148312	-0.003203
730.000000	19.919000	165.182337	-0.002349
731.000000	19.921000	165.216365	-0.001671
732.000000	19.923000	165.250397	0.000495
733.000000	19.925000	165.284433	0.000587
734.000000	19.927000	165.318474	0.001203
735.000000	19.929000	165.352517	0.001026
736.000000	19.931000	165.386563	0.001515
737.000000	19.933000	165.420612	0.001759
738.000000	19.935000	165.454668	0.001716
739.000000	19.937000	165.488724	0.001881
740.000000	19.939000	165.522784	0.002253
741.000000	19.941000	165.556848	0.002040
742.000000	19.943000	165.590915	0.001759
743.000000	19.945000	165.624988	0.002339
744.000000	19.947000	165.659062	0.001740
745.000000	19.949000	165.693139	0.002119
746.000000	19.951000	165.727221	0.001875
747.000000	19.953000	165.761305	0.001795
748.000000	19.955000	165.795395	0.001832
749.000000	19.957000	165.829487	0.001612
750.000000	19.959000	165.863582	0.001582
751.000000	19.961000	165.897681	0.000599
752.000000	19.963000	165.931785	-0.000091
753.000000	19.965000	165.965891	-0.000261
754.000000	19.967000	166.000000	0.000080
755.000000	19.969000	166.034113	0.000367
756.000000	19.971000	166.068229	0.000849
757.000000	19.973000	166.102351	0.001319
758.000000	19.975000	166.136474	0.001368
759.000000	19.977000	166.170601	0.001704
760.000000	19.979000	166.204731	0.002101
761.000000	19.981000	166.238864	0.001911
762.000000	19.983000	166.273004	0.001765
763.000000	19.985000	166.307144	0.002113
764.000000	19.987000	166.341289	0.002186
765.000000	19.989000	166.375436	0.002125
766.000000	19.991000	166.409590	0.002107
767.000000	19.993000	166.443744	0.002174
768.000000	19.995000	166.477903	0.002046
769.000000	19.997000	166.512064	0.002387
770.000000	19.999000	166.546230	0.002064
771.000000	20.001000	166.580400	0.002223
772.000000	20.003000	166.614573	0.002107
773.000000	20.005000	166.648748	0.002369
774.000000	20.007000	166.682928	0.001734
775.000000	20.009000	166.717113	0.002070
776.000000	20.011000	166.751299	0.001917
777.000000	20.013000	166.785489	0.001551
778.000000	20.015000	166.819682	0.001344
779.000000	20.017000	166.853879	0.001222
780.000000	20.019000	166.888081	0.000154
781.000000	20.021000	166.922285	0.000215
782.000000	20.023000	166.956492	0.000129
783.000000	20.025000	166.990703	-0.000207
784.000000	20.027000	167.024917	0.000294
785.000000	20.029000	167.059137	0.000831
786.000000	20.031000	167.093358	0.000904
787.000000	20.033000	167.127583	0.001655
788.000000	20.035000	167.161812	0.001124
789.000000	20.037000	167.196046	0.001655
790.000000	20.039000	167.230281	0.001802
791.000000	20.041000	167.264520	0.001850
792.000000	20.043000	167.298762	0.002229
793.000000	20.045000	167.333008	0.002143
794.000000	20.047000	167.367259	0.002217
795.000000	20.049000	167.401512	0.001966
796.000000	20.051000	167.435769	0.002223
797.000000	20.053000	167.470029	0.002320
798.000000	20.055000	167.504292	0.002131
799.000000	20.057000	167.538561	0.002278
800.000000	20.059000	167.572831	0.002357
801.000000	20.061000	167.607105	0.002296
802.000000	20.063000	167.641383	0.002229
803.000000	20.065000	167.675665	0.002302
804.000000	20.067000	167.709950	0.002339
805.000000	20.069000	167.744238	0.002113
806.000000	20.071000	167.778529	0.002235
807.000000	20.073000	167.812824	0.002003
808.000000	20.075000	167.847125	0.002137
809.000000	20.077000	167.881427	0.001930
810.000000	20.079000	167.915732	0.001722
811.000000	20.081000	167.950041	0.002174
812.000000	20.083000	167.984353	0.001881
813.000000	20.085000	168.018671	0.002070
814.000000	20.087000	168.052991	0.001948
815.000000	20.089000	168.087314	0.001997
816.000000	20.091000	168.121640	0.002162
817.000000	20.093000	168.155972	0.002473
818.000000	20.095000	168.190306	0.002241
819.000000	20.097000	168.224643	0.002149
820.000000	20.099000	168.258983	0.002333
821.000000	20.101000	168.293327	0.002265
822.000000	20.103000	168.327677	0.002436
823.000000	20.105000	168.362028	0.002418
824.000000	20.107000	168.396382	0.002387
825.000000	20.109000	168.430740	0.002210
826.000000	20.111000	168.465102	0.002253
827.000000	20.113000	168.499469	0.002217
828.000000	20.115000	168.533838	0.002308
829.000000	20.117000	168.568210	0.002571
830.000000	20.119000	168.602585	0.002271
831.000000	20.121000	168.636966	0.002143
832.000000	20.123000	168.671349	0.002351
833.000000	20.125000	168.705735	0.002088
834.000000	20.127000	168.740124	0.002271
835.000000	20.129000	168.774517	0.002229
836.000000	20.131000	168.808916	0.002278
837.000000	20.133000	168.843316	0.002271
838.000000	20.135000	168.877720	0.002467
839.000000	20.137000	168.912127	0.002369
840.000000	20.139000	168.946537	0.002241
841.000000	20.141000	168.980954	0.002290
842.000000	20.143000	169.015371	0.002174
843.000000	20.145000	169.049792	0.002436
844.000000	20.147000	169.084217	0.002345
845.000000	20.149000	169.118647	0.002491
846.000000	20.151000	169.153079	0.002320
847.000000	20.153000	169.187514	0.002210
848.000000	20.155000	169.221952	0.002235
849.000000	20.157000	169.256394	0.002455
850.000000	20.159000	169.290842	0.002522
851.000000	20.161000	169.325291	0.002424
852.000000	20.163000	169.359744	0.002394
853.000000	20.165000	169.394200	0.002455
854.000000	20.167000	169.428660	0.002528
855.000000	20.169000	169.463125	0.002314
856.000000	20.171000	169.497592	0.002363
857.000000	20.173000	169.532062	0.002351
858.000000	20.175000	169.566535	0.002339
859.000000	20.177000	169.601015	0.002326
860.000000	20.179000	169.635495	0.002400
861.000000	20.181000	169.669980	0.002455
862.000000	20.183000	169.704467	0.002229
863.000000	20.185000	169.738958	0.002204
864.000000	20.187000	169.773455	0.002497
865.000000	20.189000	169.807953	0.002229
866.000000	20.191000	169.842455	0.002540
867.000000	20.193000	169.876960	0.002113
868.000000	20.195000	169.911469	0.002455
869.000000	20.197000	169.945983	0.002369
870.000000	20.199000	169.980499	0.002491
871.000000	20.201000	170.015018	0.002290
872.000000	20.203000	170.049541	0.002461
873.000000	20.205000	170.084069	0.002387
874.000000	20.207000	170.118599	0.002369
875.000000	20.209000	170.153132	0.002296
876.000000	20.211000	170.187669	0.002442
877.000000	20.213000	170.222209	0.002204
878.000000	20.215000	170.256755	0.002577
879.000000	20.217000	170.291302	0.002210
880.000000	20.219000	170.325853	0.002406
881.000000	20.221000	170.360407	0.002430
882.000000	20.223000	170.394965	0.002430
883.000000	20.225000	170.429529	0.002424
884.000000	20.227000	170.464093	0.002381
885.000000	20.229000	170.498662	0.002271
886.000000	20.231000	170.533233	0.002625
887.000000	20.233000	170.567811	0.002455
888.000000	20.235000	170.602390	0.002485
889.000000	20.237000	170.636972	0.002369
890.000000	20.239000	170.671558	0.002418
891.000000	20.241000	170.706147	0.002143
892.000000	20.243000	170.740742	0.002265
893.000000	20.245000	170.775338	0.002046
894.000000	20.247000	170.809938	0.002174
895.000000	20.249000	170.844542	0.001924
896.000000	20.251000	170.879148	0.002198
897.000000	20.253000	170.913761	0.002040
898.000000	20.255000	170.948375	0.002241
899.000000	20.257000	170.982992	0.002217
900.000000	20.259000	171.017613	0.002119
901.000000	20.261000	171.052239	0.002070
902.000000	20.263000	171.086867	0.002418
903.000000	20.265000	171.121499	0.002418
904.000000	20.267000	171.156134	0.002448
905.000000	20.269000	171.190772	0.002436
906.000000	20.271000	171.225416	0.002412
907.000000	20.273000	171.260061	0.002387
908.000000	20.275000	171.294710	0.002198
909.000000	20.277000	171.329363	0.002314
910.000000	20.279000	171.364021	0.002461
911.000000	20.281000	171.398680	0.002363
912.000000	20.283000	171.433343	0.002387
913.000000	20.285000	171.468009	0.002296
914.000000	20.287000	171.502679	0.002180
915.000000	20.289000	171.537355	0.002497
916.000000	20.291000	171.572032	0.002271
917.000000	20.293000	171.606712	0.002247
918.000000	20.295000	171.641396	0.002223
919.000000	20.297000	171.676084	0.002235
920.000000	20.299000	171.710777	0.002125
921.000000	20.301000	171.745471	0.002320
922.000000	20.303000	171.780169	0.002143
923.000000	20.305000	171.814871	0.002217
924.000000	20.307000	171.849578	0.002064
925.000000	20.309000	171.884286	0.002186
926.000000	20.311000	171.918998	0.002339
927.000000	20.313000	171.953714	0.002156
928.000000	20.315000	171.988433	0.002406
929.000000	20.317000	172.023157	0.002271
930.000000	20.319000	172.057883	0.002168
931.000000	20.321000	172.092613	0.002375
932.000000	20.323000	172.127346	0.002271
933.000000	20.325000	172.162082	0.002186
934.000000	20.327000	172.196824	0.002357
935.000000	20.329000	172.231568	0.002296
936.000000	20.331000	172.266315	0.002296
937.000000	20.333000	172.301065	0.002503
938.000000	20.335000	172.335822	0.002345
939.000000	20.337000	172.370579	0.002223
940.000000	20.339000	172.405340	0.002210
941.000000	20.341000	172.440105	0.002253
942.000000	20.343000	172.474873	0.002137
943.000000	20.345000	172.509646	0.002235
944.000000	20.347000	172.544422	0.002149
945.000000	20.349000	172.579200	0.001747
946.000000	20.351000	172.613982	0.001625
947.000000	20.353000	172.648768	0.001051
948.000000	20.355000	172.683559	0.000776
949.000000	20.357000	172.718352	-0.000847
950.000000	20.359000	172.753148	-0.002190
951.000000	20.361000	172.787947	-0.003240
952.000000	20.363000	172.822752	-0.001092
953.000000	20.365000	172.857559	-0.000731
954.000000	20.367000	172.892369	0.000703
955.000000	20.369000	172.927183	0.000910
956.000000	20.371000	172.962000	0.000965
957.000000	20.373000	172.996823	0.001704
958.000000	20.375000	173.031647	0.001716
959.000000	20.377000	173.066475	0.001734
960.000000	20.379000	173.101306	0.001942
961.000000	20.381000	173.136140	0.002168
962.000000	20.383000	173.170981	0.001924
963.000000	20.385000	173.205822	0.002180
964.000000	20.387000	173.240667	0.001930
965.000000	20.389000	173.275516	0.002583
966.000000	20.391000	173.310370	0.002174
967.000000	20.393000	173.345226	0.002595
968.000000	20.395000	173.380085	0.002192
969.000000	20.397000	173.414948	0.002223
970.000000	20.399000	173.449814	0.002345
971.000000	20.401000	173.484686	0.002412
972.000000	20.403000	173.519559	0.002284
973.000000	20.405000	173.554436	0.002296
974.000000	20.407000	173.589316	0.002259
975.000000	20.409000	173.624200	0.002217
976.000000	20.411000	173.659089	0.002021
977.000000	20.413000	173.693980	0.001954
978.000000	20.415000	173.728874	0.001332
979.000000	20.417000	173.763772	0.001338
980.000000	20.419000	173.798675	0.001380
981.000000	20.421000	173.833580	0.001606
982.000000	20.423000	173.868488	0.002040
983.000000	20.425000	173.903400	0.002094
984.000000	20.427000	173.938315	0.002198
985.000000	20.429000	173.973236	0.002381
986.000000	20.431000	174.008158	0.002052
987.000000	20.433000	174.043084	0.002070
988.000000	20.435000	174.078013	0.002076
989.000000	20.437000	174.112946	0.002430
990.000000	20.439000	174.147885	0.002265
991.000000	20.441000	174.182824	0.002223
992.000000	20.443000	174.217768	0.002394
993.000000	20.445000	174.252714	0.002455
994.000000	20.447000	174.287667	0.002021
995.000000	20.449000	174.322621	0.002528
996.000000	20.451000	174.357578	0.002424
997.000000	20.453000	174.392539	0.002204
998.000000	20.455000	174.427503	0.002479
999.000000	20.457000	174.462473	0.002186
1000.000000	20.459000	174.497444	0.002168
