0.000000	20.479000	148.115487	0.001620
1.000000	20.481000	148.145042	0.001327
2.000000	20.483000	148.174600	0.001083
3.000000	20.485000	148.204161	0.001376
4.000000	20.487000	148.233725	0.001693
5.000000	20.489000	148.263292	0.001303
6.000000	20.491000	148.292862	0.001693
7.000000	20.493000	148.322434	0.001229
8.000000	20.495000	148.352010	0.001352
9.000000	20.497000	148.381589	0.001303
10.000000	20.499000	148.411171	0.001352
11.000000	20.501000	148.440755	0.001376
12.000000	20.503000	148.470343	0.001474
13.000000	20.505000	148.499933	0.001742
14.000000	20.507000	148.529527	0.001620
15.000000	20.509000	148.559123	0.001229
16.000000	20.511000	148.588722	0.001498
17.000000	20.513000	148.618325	0.001205
18.000000	20.515000	148.647930	0.001547
19.000000	20.517000	148.677538	0.001522
20.000000	20.519000	148.707149	0.001132
21.000000	20.521000	148.736763	0.001522
22.000000	20.523000	148.766380	0.001449
23.000000	20.525000	148.796000	0.001352
24.000000	20.527000	148.825623	0.001205
25.000000	20.529000	148.855249	0.001181
26.000000	20.531000	148.884878	0.001205
27.000000	20.533000	148.914510	0.001352
28.000000	20.535000	148.944145	0.001522
29.000000	20.537000	148.973782	0.001327
30.000000	20.539000	149.003423	0.001229
31.000000	20.541000	149.033066	0.001107
32.000000	20.543000	149.062713	0.001181
33.000000	20.545000	149.092362	0.000937
34.000000	20.547000	149.122015	0.001107
35.000000	20.549000	149.151670	0.001132
36.000000	20.551000	149.181329	0.000863
37.000000	20.553000	149.210990	0.001059
38.000000	20.555000	149.240654	0.001083
39.000000	20.557000	149.270321	0.001156
40.000000	20.559000	149.299991	0.001254
41.000000	20.561000	149.329664	0.000937
42.000000	20.563000	149.359340	0.001181
43.000000	20.565000	149.389019	0.001376
44.000000	20.567000	149.418701	0.000985
45.000000	20.569000	149.448386	0.001254
46.000000	20.571000	149.478074	0.001327
47.000000	20.573000	149.507765	0.001107
48.000000	20.575000	149.537458	0.001303
49.000000	20.577000	149.567155	0.001229
50.000000	20.579000	149.596855	0.000839
51.000000	20.581000	149.626557	0.001254
52.000000	20.583000	149.656263	0.000961
53.000000	20.585000	149.685971	0.000741
54.000000	20.587000	149.715682	0.001010
55.000000	20.589000	149.745397	0.000448
56.000000	20.591000	149.775114	0.000790
57.000000	20.593000	149.804834	0.000155
58.000000	20.595000	149.834557	-0.000211
59.000000	20.597000	149.864284	-0.000528
60.000000	20.599000	149.894013	-0.001163
61.000000	20.601000	149.923745	-0.001920
62.000000	20.603000	149.953480	-0.003238
63.000000	20.605000	149.983217	-0.003751
64.000000	20.607000	150.012958	-0.005704
65.000000	20.609000	150.042702	-0.007047
66.000000	20.611000	150.072449	-0.007755
67.000000	20.613000	150.102199	-0.009610
68.000000	20.615000	150.131951	-0.008316
69.000000	20.617000	150.161707	-0.008854
70.000000	20.619000	150.191465	-0.006974
71.000000	20.621000	150.221227	-0.004850
72.000000	20.623000	150.250992	-0.003507
73.000000	20.625000	150.280759	-0.002652
74.000000	20.627000	150.310529	-0.001432
75.000000	20.629000	150.340303	-0.001139
76.000000	20.631000	150.370079	-0.000138
77.000000	20.633000	150.399858	0.000009
78.000000	20.635000	150.429640	0.000326
79.000000	20.637000	150.459425	0.000277
80.000000	20.639000	150.489213	0.000473
81.000000	20.641000	150.519004	0.000766
82.000000	20.643000	150.548798	0.000326
83.000000	20.645000	150.578595	0.000595
84.000000	20.647000	150.608395	0.000790
85.000000	20.649000	150.638198	0.000473
86.000000	20.651000	150.668003	0.000424
87.000000	20.653000	150.697812	0.000106
88.000000	20.655000	150.727624	0.000131
89.000000	20.657000	150.757438	-0.000553
90.000000	20.659000	150.787256	-0.000553
91.000000	20.661000	150.817076	-0.001773
92.000000	20.663000	150.846900	-0.002189
93.000000	20.665000	150.876726	-0.003019
94.000000	20.667000	150.906556	-0.004361
95.000000	20.669000	150.936388	-0.006656
96.000000	20.671000	150.966223	-0.008194
97.000000	20.673000	150.996061	-0.010245
98.000000	20.675000	151.025902	-0.013053
99.000000	20.677000	151.055746	-0.014762
100.000000	20.679000	151.085593	-0.018155
101.000000	20.681000	151.115443	-0.019059
102.000000	20.683000	151.145296	-0.019156
103.000000	20.685000	151.175152	-0.018204
104.000000	20.687000	151.205011	-0.017423
105.000000	20.689000	151.234873	-0.014225
106.000000	20.691000	151.264737	-0.011148
107.000000	20.693000	151.294605	-0.008316
108.000000	20.695000	151.324476	-0.005289
109.000000	20.697000	151.354349	-0.004850
110.000000	20.699000	151.384226	-0.002262
111.000000	20.701000	151.414105	-0.002408
112.000000	20.703000	151.443987	-0.001725
113.000000	20.705000	151.473873	-0.001432
114.000000	20.707000	151.503761	-0.001480
115.000000	20.709000	151.533652	-0.000797
116.000000	20.711000	151.563546	-0.001236
117.000000	20.713000	151.593444	-0.001236
118.000000	20.715000	151.623344	-0.000772
119.000000	20.717000	151.653247	-0.002164
120.000000	20.719000	151.683153	-0.002945
121.000000	20.721000	151.713062	-0.004288
122.000000	20.723000	151.742974	-0.006656
123.000000	20.725000	151.772888	-0.007950
124.000000	20.727000	151.802806	-0.011100
125.000000	20.729000	151.832727	-0.015030
126.000000	20.731000	151.862650	-0.019986
127.000000	20.733000	151.892577	-0.026651
128.000000	20.735000	151.922507	-0.035587
129.000000	20.737000	151.952439	-0.049503
130.000000	20.739000	151.982375	-0.070084
131.000000	20.741000	152.012313	-0.090714
132.000000	20.743000	152.042254	-0.120939
133.000000	20.745000	152.072199	-0.150357
134.000000	20.747000	152.102146	-0.176798
135.000000	20.749000	152.132096	-0.198258
136.000000	20.751000	152.162050	-0.204630
137.000000	20.753000	152.192006	-0.187540
138.000000	20.755000	152.221965	-0.149186
139.000000	20.757000	152.251926	-0.108902
140.000000	20.759000	152.281891	-0.067496
141.000000	20.761000	152.311859	-0.034952
142.000000	20.763000	152.341830	-0.019327
143.000000	20.765000	152.371804	-0.010001
144.000000	20.767000	152.401781	-0.004996
145.000000	20.769000	152.431761	-0.003971
146.000000	20.771000	152.461743	-0.005436
147.000000	20.773000	152.491729	-0.005680
148.000000	20.775000	152.521717	-0.005680
149.000000	20.777000	152.551709	-0.004898
150.000000	20.779000	152.581703	-0.003043
151.000000	20.781000	152.611701	-0.002945
152.000000	20.783000	152.641701	-0.001651
153.000000	20.785000	152.671704	-0.002750
154.000000	20.787000	152.701710	-0.004557
155.000000	20.789000	152.731720	-0.006730
156.000000	20.791000	152.761732	-0.009537
157.000000	20.793000	152.791747	-0.012735
158.000000	20.795000	152.821765	-0.018155
159.000000	20.797000	152.851786	-0.025040
160.000000	20.799000	152.881810	-0.032242
161.000000	20.801000	152.911836	-0.041397
162.000000	20.803000	152.941866	-0.054850
163.000000	20.805000	152.971899	-0.072159
164.000000	20.807000	153.001935	-0.096476
165.000000	20.809000	153.031974	-0.125455
166.000000	20.811000	153.062015	-0.161734
167.000000	20.813000	153.092060	-0.202066
168.000000	20.815000	153.122107	-0.239542
169.000000	20.817000	153.152158	-0.266520
170.000000	20.819000	153.182211	-0.277677
171.000000	20.821000	153.212268	-0.260025
172.000000	20.823000	153.242327	-0.237345
173.000000	20.825000	153.272389	-0.191910
174.000000	20.827000	153.302454	-0.135440
175.000000	20.829000	153.332522	-0.092057
176.000000	20.831000	153.362593	-0.060221
177.000000	20.833000	153.392667	-0.033439
178.000000	20.835000	153.422745	-0.023136
179.000000	20.837000	153.452825	-0.016617
180.000000	20.839000	153.482907	-0.016715
181.000000	20.841000	153.512993	-0.014420
182.000000	20.843000	153.543082	-0.012833
183.000000	20.845000	153.573174	-0.010416
184.000000	20.847000	153.603268	-0.009488
185.000000	20.849000	153.633366	-0.008707
186.000000	20.851000	153.663467	-0.006192
187.000000	20.853000	153.693570	-0.007511
188.000000	20.855000	153.723677	-0.007145
189.000000	20.857000	153.753786	-0.009732
190.000000	20.859000	153.783898	-0.014005
191.000000	20.861000	153.814014	-0.017521
192.000000	20.863000	153.844132	-0.023404
193.000000	20.865000	153.874253	-0.031607
194.000000	20.867000	153.904377	-0.041910
195.000000	20.869000	153.934505	-0.053360
196.000000	20.871000	153.964634	-0.072355
197.000000	20.873000	153.994767	-0.103775
198.000000	20.875000	154.024903	-0.144913
199.000000	20.877000	154.055042	-0.195987
200.000000	20.879000	154.085184	-0.252921
201.000000	20.881000	154.115329	-0.314566
202.000000	20.883000	154.145477	-0.367057
203.000000	20.885000	154.175627	-0.404825
204.000000	20.887000	154.205781	-0.403067
205.000000	20.889000	154.235938	-0.367081
206.000000	20.891000	154.266097	-0.283683
207.000000	20.893000	154.296260	-0.197110
208.000000	20.895000	154.326425	-0.104654
209.000000	20.897000	154.356594	-0.042911
210.000000	20.899000	154.386765	-0.010318
211.000000	20.901000	154.416939	-0.000455
212.000000	20.903000	154.447116	-0.000211
213.000000	20.905000	154.477297	-0.003556
214.000000	20.907000	154.507480	-0.005729
215.000000	20.909000	154.537666	-0.007169
216.000000	20.911000	154.567855	-0.005582
217.000000	20.913000	154.598047	-0.003824
218.000000	20.915000	154.628242	-0.000748
219.000000	20.917000	154.658440	0.001352
220.000000	20.919000	154.688641	0.002914
221.000000	20.921000	154.718844	0.003744
222.000000	20.923000	154.749051	0.002450
223.000000	20.925000	154.779261	0.001522
224.000000	20.927000	154.809473	-0.000064
225.000000	20.929000	154.839689	-0.002140
226.000000	20.931000	154.869907	-0.002506
227.000000	20.933000	154.900129	-0.005484
228.000000	20.935000	154.930353	-0.007438
229.000000	20.937000	154.960581	-0.009684
230.000000	20.939000	154.990811	-0.012613
231.000000	20.941000	155.021044	-0.018229
232.000000	20.943000	155.051280	-0.023209
233.000000	20.945000	155.081520	-0.031022
234.000000	20.947000	155.111762	-0.038102
235.000000	20.949000	155.142007	-0.047428
236.000000	20.951000	155.172255	-0.049942
237.000000	20.953000	155.202506	-0.053238
238.000000	20.955000	155.232760	-0.049552
239.000000	20.957000	155.263016	-0.041568
240.000000	20.959000	155.293276	-0.029386
241.000000	20.961000	155.323539	-0.019938
242.000000	20.963000	155.353805	-0.008878
243.000000	20.965000	155.384073	-0.004044
244.000000	20.967000	155.414345	-0.001261
245.000000	20.969000	155.444620	-0.001847
246.000000	20.971000	155.474897	-0.002164
247.000000	20.973000	155.505177	-0.002042
248.000000	20.975000	155.535461	-0.002359
249.000000	20.977000	155.565747	-0.002335
250.000000	20.979000	155.596036	-0.001114
251.000000	20.981000	155.626329	-0.001358
252.000000	20.983000	155.656624	-0.001163
253.000000	20.985000	155.686922	-0.000309
254.000000	20.987000	155.717223	-0.000455
255.000000	20.989000	155.747527	-0.000016
256.000000	20.991000	155.777834	-0.000943
257.000000	20.993000	155.808144	-0.001065
258.000000	20.995000	155.838457	-0.001432
259.000000	20.997000	155.868772	-0.001896
260.000000	20.999000	155.899092	-0.002140
261.000000	21.001000	155.929413	-0.002237
262.000000	21.003000	155.959738	-0.003141
263.000000	21.005000	155.990065	-0.002921
264.000000	21.007000	156.020395	-0.004679
265.000000	21.009000	156.050730	-0.007218
266.000000	21.011000	156.081066	-0.007730
267.000000	21.013000	156.111405	-0.012857
268.000000	21.015000	156.141747	-0.013419
269.000000	21.017000	156.172093	-0.015763
270.000000	21.019000	156.202441	-0.015616
271.000000	21.021000	156.232792	-0.015714
272.000000	21.023000	156.263147	-0.012442
273.000000	21.025000	156.293503	-0.010904
274.000000	21.027000	156.323864	-0.006461
275.000000	21.029000	156.354226	-0.002628
276.000000	21.031000	156.384593	-0.001163
277.000000	21.033000	156.414961	0.000351
278.000000	21.035000	156.445333	0.000595
279.000000	21.037000	156.475708	0.000619
280.000000	21.039000	156.506085	-0.000528
281.000000	21.041000	156.536467	0.000155
282.000000	21.043000	156.566850	-0.000357
283.000000	21.045000	156.597237	0.000058
284.000000	21.047000	156.627626	-0.000040
285.000000	21.049000	156.658018	0.000033
286.000000	21.051000	156.688414	0.000009
287.000000	21.053000	156.718812	-0.000016
288.000000	21.055000	156.749214	0.000424
289.000000	21.057000	156.779618	-0.000064
290.000000	21.059000	156.810026	-0.000357
291.000000	21.061000	156.840435	-0.000260
292.000000	21.063000	156.870848	0.000009
293.000000	21.065000	156.901265	-0.000211
294.000000	21.067000	156.931683	-0.000138
295.000000	21.069000	156.962106	-0.000357
296.000000	21.071000	156.992530	-0.000357
297.000000	21.073000	157.022959	-0.001480
298.000000	21.075000	157.053389	-0.001285
299.000000	21.077000	157.083822	-0.000895
300.000000	21.079000	157.114260	-0.002286
301.000000	21.081000	157.144699	-0.002457
302.000000	21.083000	157.175142	-0.002970
303.000000	21.085000	157.205587	-0.002774
304.000000	21.087000	157.236036	-0.002311
305.000000	21.089000	157.266487	-0.002237
306.000000	21.091000	157.296941	-0.001944
307.000000	21.093000	157.327399	-0.001358
308.000000	21.095000	157.357859	0.000082
309.000000	21.097000	157.388323	-0.000431
310.000000	21.099000	157.418789	-0.000504
311.000000	21.101000	157.449258	-0.000235
312.000000	21.103000	157.479730	-0.000089
313.000000	21.105000	157.510205	-0.000699
314.000000	21.107000	157.540683	-0.000333
315.000000	21.109000	157.571164	-0.000187
316.000000	21.111000	157.601648	-0.000138
317.000000	21.113000	157.632134	-0.000309
318.000000	21.115000	157.662625	-0.000626
319.000000	21.117000	157.693117	0.000033
320.000000	21.119000	157.723613	-0.000089
321.000000	21.121000	157.754111	-0.000040
322.000000	21.123000	157.784613	-0.000187
323.000000	21.125000	157.815118	-0.000113
324.000000	21.127000	157.845625	-0.000187
325.000000	21.129000	157.876136	-0.000040
326.000000	21.131000	157.906649	-0.000260
327.000000	21.133000	157.937165	-0.000480
328.000000	21.135000	157.967684	0.000033
329.000000	21.137000	157.998206	-0.000504
330.000000	21.139000	158.028732	-0.000699
331.000000	21.141000	158.059260	-0.001065
332.000000	21.143000	158.089791	-0.000748
333.000000	21.145000	158.120325	-0.001236
334.000000	21.147000	158.150862	-0.001505
335.000000	21.149000	158.181402	-0.002286
336.000000	21.151000	158.211944	-0.001578
337.000000	21.153000	158.242490	-0.001554
338.000000	21.155000	158.273039	-0.001432
339.000000	21.157000	158.303591	-0.000846
340.000000	21.159000	158.334145	-0.000284
341.000000	21.161000	158.364703	-0.000016
342.000000	21.163000	158.395263	0.000155
343.000000	21.165000	158.425827	-0.000113
344.000000	21.167000	158.456394	0.000253
345.000000	21.169000	158.486963	0.000228
346.000000	21.171000	158.517535	0.000155
347.000000	21.173000	158.548110	-0.000064
348.000000	21.175000	158.578689	0.000180
349.000000	21.177000	158.609270	0.000131
350.000000	21.179000	158.639854	0.000595
351.000000	21.181000	158.670441	0.000277
352.000000	21.183000	158.701031	0.000424
353.000000	21.185000	158.731624	0.000106
354.000000	21.187000	158.762220	0.000277
355.000000	21.189000	158.792819	0.000228
356.000000	21.191000	158.823421	0.000253
357.000000	21.193000	158.854025	0.000497
358.000000	21.195000	158.884633	0.000204
359.000000	21.197000	158.915243	0.000204
360.000000	21.199000	158.945858	0.000277
361.000000	21.201000	158.976474	0.000766
362.000000	21.203000	159.007094	0.000424
363.000000	21.205000	159.037716	0.000326
364.000000	21.207000	159.068341	0.000106
365.000000	21.209000	159.098970	0.000204
366.000000	21.211000	159.129601	0.000228
367.000000	21.213000	159.160235	-0.000016
368.000000	21.215000	159.190872	0.000399
369.000000	21.217000	159.221513	0.000131
370.000000	21.219000	159.252156	0.000302
371.000000	21.221000	159.282801	0.000155
372.000000	21.223000	159.313451	0.000082
373.000000	21.225000	159.344102	0.000595
374.000000	21.227000	159.374758	0.000521
375.000000	21.229000	159.405415	0.000399
376.000000	21.231000	159.436076	0.000546
377.000000	21.233000	159.466740	0.000351
378.000000	21.235000	159.497406	0.000644
379.000000	21.237000	159.528076	0.000277
380.000000	21.239000	159.558748	0.000473
381.000000	21.241000	159.589424	0.000595
382.000000	21.243000	159.620102	0.000326
383.000000	21.245000	159.650784	0.000424
384.000000	21.247000	159.681468	0.000473
385.000000	21.249000	159.712155	0.000326
386.000000	21.251000	159.742846	0.000424
387.000000	21.253000	159.773539	0.000155
388.000000	21.255000	159.804236	0.000448
389.000000	21.257000	159.834934	0.000351
390.000000	21.259000	159.865637	0.000668
391.000000	21.261000	159.896341	0.000351
392.000000	21.263000	159.927049	-0.000016
393.000000	21.265000	159.957760	0.000277
394.000000	21.267000	159.988474	0.000082
395.000000	21.269000	160.019191	0.000399
396.000000	21.271000	160.049911	-0.000040
397.000000	21.273000	160.080634	0.000228
398.000000	21.275000	160.111359	0.000399
399.000000	21.277000	160.142087	-0.000064
400.000000	21.279000	160.172819	-0.000040
401.000000	21.281000	160.203553	0.000033
402.000000	21.283000	160.234291	0.000058
403.000000	21.285000	160.265031	-0.000064
404.000000	21.287000	160.295775	-0.000113
405.000000	21.289000	160.326521	0.000399
406.000000	21.291000	160.357270	0.000448
407.000000	21.293000	160.388023	0.000302
408.000000	21.295000	160.418777	0.000277
409.000000	21.297000	160.449536	0.000180
410.000000	21.299000	160.480297	0.000399
411.000000	21.301000	160.511061	0.000082
412.000000	21.303000	160.541828	0.000351
413.000000	21.305000	160.572597	0.000595
414.000000	21.307000	160.603371	0.000424
415.000000	21.309000	160.634146	0.000131
416.000000	21.311000	160.664925	0.000521
417.000000	21.313000	160.695706	0.000277
418.000000	21.315000	160.726492	0.000399
419.000000	21.317000	160.757279	0.000106
420.000000	21.319000	160.788069	0.000326
421.000000	21.321000	160.818863	0.000497
422.000000	21.323000	160.849659	0.000302
423.000000	21.325000	160.880459	-0.000113
424.000000	21.327000	160.911261	0.000619
425.000000	21.329000	160.942066	0.000155
426.000000	21.331000	160.972874	0.000521
427.000000	21.333000	161.003685	0.000277
428.000000	21.335000	161.034500	0.000302
429.000000	21.337000	161.065316	0.000228
430.000000	21.339000	161.096137	0.000204
431.000000	21.341000	161.126959	0.000106
432.000000	21.343000	161.157786	0.000424
433.000000	21.345000	161.188614	0.000277
434.000000	21.347000	161.219446	0.000399
435.000000	21.349000	161.250281	0.000351
436.000000	21.351000	161.281118	0.000180
437.000000	21.353000	161.311959	0.000399
438.000000	21.355000	161.342803	0.000375
439.000000	21.357000	161.373650	0.000228
440.000000	21.359000	161.404499	0.000546
441.000000	21.361000	161.435351	0.000131
442.000000	21.363000	161.466207	0.000570
443.000000	21.365000	161.497065	0.000326
444.000000	21.367000	161.527926	0.000546
445.000000	21.369000	161.558790	0.000595
446.000000	21.371000	161.589658	0.000375
447.000000	21.373000	161.620528	0.000399
448.000000	21.375000	161.651400	0.000888
449.000000	21.377000	161.682277	0.000473
450.000000	21.379000	161.713155	0.000644
451.000000	21.381000	161.744038	0.000326
452.000000	21.383000	161.774922	0.000595
453.000000	21.385000	161.805811	0.000668
454.000000	21.387000	161.836701	0.000180
455.000000	21.389000	161.867595	0.000546
456.000000	21.391000	161.898491	0.000399
457.000000	21.393000	161.929391	0.000497
458.000000	21.395000	161.960294	0.000399
459.000000	21.397000	161.991199	0.000204
460.000000	21.399000	162.022108	0.000717
461.000000	21.401000	162.053019	0.000424
462.000000	21.403000	162.083934	0.000351
463.000000	21.405000	162.114851	-0.000016
464.000000	21.407000	162.145770	0.000253
465.000000	21.409000	162.176694	0.000326
466.000000	21.411000	162.207620	0.000619
467.000000	21.413000	162.238550	0.000180
468.000000	21.415000	162.269481	0.000302
469.000000	21.417000	162.300417	0.000351
470.000000	21.419000	162.331354	0.000375
471.000000	21.421000	162.362295	0.000155
472.000000	21.423000	162.393239	0.000253
473.000000	21.425000	162.424185	0.000741
474.000000	21.427000	162.455136	0.000448
475.000000	21.429000	162.486088	0.000473
476.000000	21.431000	162.517044	0.000521
477.000000	21.433000	162.548002	0.000204
478.000000	21.435000	162.578963	0.000180
479.000000	21.437000	162.609928	0.000521
480.000000	21.439000	162.640895	0.000424
481.000000	21.441000	162.671866	0.000351
482.000000	21.443000	162.702839	0.000277
483.000000	21.445000	162.733816	0.000082
484.000000	21.447000	162.764795	0.000375
485.000000	21.449000	162.795777	0.000155
486.000000	21.451000	162.826762	0.000131
487.000000	21.453000	162.857750	0.000180
488.000000	21.455000	162.888741	-0.000333
489.000000	21.457000	162.919735	-0.000846
490.000000	21.459000	162.950732	-0.001383
491.000000	21.461000	162.981732	-0.001334
492.000000	21.463000	163.012734	-0.002628
493.000000	21.465000	163.043741	-0.003653
494.000000	21.467000	163.074749	-0.004581
495.000000	21.469000	163.105761	-0.005411
496.000000	21.471000	163.136775	-0.005802
497.000000	21.473000	163.167793	-0.005143
498.000000	21.475000	163.198813	-0.006241
499.000000	21.477000	163.229836	-0.004483
500.000000	21.479000	163.260863	-0.004068
501.000000	21.481000	163.291893	-0.003067
502.000000	21.483000	163.322925	-0.001603
503.000000	21.485000	163.353960	-0.000992
504.000000	21.487000	163.384998	0.000131
505.000000	21.489000	163.416038	0.000399
506.000000	21.491000	163.447084	0.000058
507.000000	21.493000	163.478131	0.000253
508.000000	21.495000	163.509180	0.000863
509.000000	21.497000	163.540233	0.000302
510.000000	21.499000	163.571290	0.000399
511.000000	21.501000	163.602349	0.000155
512.000000	21.503000	163.633410	0.000668
513.000000	21.505000	163.664474	0.000180
514.000000	21.507000	163.695541	0.000424
515.000000	21.509000	163.726614	0.000424
516.000000	21.511000	163.757687	0.000106
517.000000	21.513000	163.788763	0.000351
518.000000	21.515000	163.819842	-0.000333
519.000000	21.517000	163.850926	-0.000992
520.000000	21.519000	163.882011	-0.001212
521.000000	21.521000	163.913099	-0.002384
522.000000	21.523000	163.944189	-0.003946
523.000000	21.525000	163.975283	-0.005753
524.000000	21.527000	164.006382	-0.008121
525.000000	21.529000	164.037482	-0.011026
526.000000	21.531000	164.068584	-0.014908
527.000000	21.533000	164.099690	-0.018253
528.000000	21.535000	164.130798	-0.021378
529.000000	21.537000	164.161912	-0.022135
530.000000	21.539000	164.193026	-0.022330
531.000000	21.541000	164.224144	-0.018058
532.000000	21.543000	164.255264	-0.013614
533.000000	21.545000	164.286389	-0.009586
534.000000	21.547000	164.317515	-0.004972
535.000000	21.549000	164.348644	-0.000968
536.000000	21.551000	164.379777	0.000253
537.000000	21.553000	164.410912	0.001596
538.000000	21.555000	164.442052	0.001083
539.000000	21.557000	164.473193	0.000228
540.000000	21.559000	164.504336	0.000253
541.000000	21.561000	164.535483	-0.000016
542.000000	21.563000	164.566633	0.000521
543.000000	21.565000	164.597788	0.000326
544.000000	21.567000	164.628943	0.000228
545.000000	21.569000	164.660102	-0.000187
546.000000	21.571000	164.691264	-0.000382
547.000000	21.573000	164.722430	-0.000357
548.000000	21.575000	164.753598	-0.001163
549.000000	21.577000	164.784768	-0.001139
550.000000	21.579000	164.815942	-0.001920
551.000000	21.581000	164.847118	-0.003263
552.000000	21.583000	164.878299	-0.004728
553.000000	21.585000	164.909481	-0.007560
554.000000	21.587000	164.940667	-0.009928
555.000000	21.589000	164.971855	-0.014615
556.000000	21.591000	165.003046	-0.021280
557.000000	21.593000	165.034242	-0.028360
558.000000	21.595000	165.065439	-0.037418
559.000000	21.597000	165.096639	-0.046036
560.000000	21.599000	165.127842	-0.048722
561.000000	21.601000	165.159049	-0.052921
562.000000	21.603000	165.190258	-0.052774
563.000000	21.605000	165.221470	-0.045011
564.000000	21.607000	165.252684	-0.035050
565.000000	21.609000	165.283902	-0.027213
566.000000	21.611000	165.315125	-0.014640
567.000000	21.613000	165.346348	-0.007730
568.000000	21.615000	165.377575	-0.002018
569.000000	21.617000	165.408804	-0.000626
570.000000	21.619000	165.440036	-0.000431
571.000000	21.621000	165.471274	-0.001114
572.000000	21.623000	165.502512	-0.000528
573.000000	21.625000	165.533753	-0.000455
574.000000	21.627000	165.564997	-0.001139
575.000000	21.629000	165.596246	-0.000357
576.000000	21.631000	165.627496	-0.000504
577.000000	21.633000	165.658749	0.000155
578.000000	21.635000	165.690005	0.000521
579.000000	21.637000	165.721264	0.000375
580.000000	21.639000	165.752528	-0.000309
581.000000	21.641000	165.783793	-0.000455
582.000000	21.643000	165.815060	-0.000870
583.000000	21.645000	165.846331	-0.002506
584.000000	21.647000	165.877605	-0.003116
585.000000	21.649000	165.908883	-0.004020
586.000000	21.651000	165.940163	-0.004898
587.000000	21.653000	165.971445	-0.007877
588.000000	21.655000	166.002731	-0.010782
589.000000	21.657000	166.034021	-0.014688
590.000000	21.659000	166.065312	-0.020938
591.000000	21.661000	166.096607	-0.025772
592.000000	21.663000	166.127904	-0.034147
593.000000	21.665000	166.159204	-0.035343
594.000000	21.667000	166.190509	-0.039005
595.000000	21.669000	166.221815	-0.035733
596.000000	21.671000	166.253124	-0.030704
597.000000	21.673000	166.284436	-0.023111
598.000000	21.675000	166.315751	-0.014737
599.000000	21.677000	166.347071	-0.005655
600.000000	21.679000	166.378392	-0.002433
601.000000	21.681000	166.409716	0.000521
602.000000	21.683000	166.441042	0.000595
603.000000	21.685000	166.472374	0.000375
604.000000	21.687000	166.503706	0.000131
605.000000	21.689000	166.535042	-0.000260
606.000000	21.691000	166.566381	-0.000138
607.000000	21.693000	166.597722	-0.000016
608.000000	21.695000	166.629068	0.000033
609.000000	21.697000	166.660416	-0.000333
610.000000	21.699000	166.691766	0.000521
611.000000	21.701000	166.723119	0.000424
612.000000	21.703000	166.754475	0.000375
613.000000	21.705000	166.785836	-0.000382
614.000000	21.707000	166.817199	-0.000577
615.000000	21.709000	166.848564	-0.000992
616.000000	21.711000	166.879932	-0.000675
617.000000	21.713000	166.911304	-0.002066
618.000000	21.715000	166.942678	-0.002921
619.000000	21.717000	166.974055	-0.004435
620.000000	21.719000	167.005435	-0.004581
621.000000	21.721000	167.036818	-0.006949
622.000000	21.723000	167.068205	-0.007828
623.000000	21.725000	167.099594	-0.010001
624.000000	21.727000	167.130986	-0.013077
625.000000	21.729000	167.162380	-0.013810
626.000000	21.731000	167.193778	-0.014273
627.000000	21.733000	167.225180	-0.014786
628.000000	21.735000	167.256583	-0.013761
629.000000	21.737000	167.287990	-0.011075
630.000000	21.739000	167.319399	-0.008463
631.000000	21.741000	167.350813	-0.006144
632.000000	21.743000	167.382228	-0.004581
633.000000	21.745000	167.413646	-0.003189
634.000000	21.747000	167.445067	-0.002506
635.000000	21.749000	167.476491	-0.002335
636.000000	21.751000	167.507920	-0.000772
637.000000	21.753000	167.539350	-0.001725
638.000000	21.755000	167.570783	-0.001261
639.000000	21.757000	167.602219	-0.001212
640.000000	21.759000	167.633660	-0.001212
641.000000	21.761000	167.665101	-0.001236
642.000000	21.763000	167.696546	-0.001505
643.000000	21.765000	167.727994	-0.001554
644.000000	21.767000	167.759444	-0.001358
645.000000	21.769000	167.790899	-0.002262
646.000000	21.771000	167.822356	-0.003043
647.000000	21.773000	167.853815	-0.003409
648.000000	21.775000	167.885278	-0.005338
649.000000	21.777000	167.916743	-0.005729
650.000000	21.779000	167.948213	-0.007706
651.000000	21.781000	167.979684	-0.012027
652.000000	21.783000	168.011158	-0.016275
653.000000	21.785000	168.042636	-0.021817
654.000000	21.787000	168.074117	-0.029215
655.000000	21.789000	168.105600	-0.039542
656.000000	21.791000	168.137086	-0.049723
657.000000	21.793000	168.168575	-0.057071
658.000000	21.795000	168.200067	-0.061783
659.000000	21.797000	168.231564	-0.063956
660.000000	21.799000	168.263062	-0.055289
661.000000	21.801000	168.294562	-0.042936
662.000000	21.803000	168.326066	-0.031730
663.000000	21.805000	168.357572	-0.016642
664.000000	21.807000	168.389084	-0.005558
665.000000	21.809000	168.420596	-0.000406
666.000000	21.811000	168.452112	0.001791
667.000000	21.813000	168.483630	0.001522
668.000000	21.815000	168.515153	-0.000772
669.000000	21.817000	168.546678	0.000302
670.000000	21.819000	168.578205	-0.000943
671.000000	21.821000	168.609735	-0.000309
672.000000	21.823000	168.641268	-0.000919
673.000000	21.825000	168.672806	-0.000431
674.000000	21.827000	168.704345	0.000228
675.000000	21.829000	168.735887	0.000302
676.000000	21.831000	168.767432	0.000277
677.000000	21.833000	168.798980	-0.000357
678.000000	21.835000	168.830532	-0.001188
679.000000	21.837000	168.862086	-0.001456
680.000000	21.839000	168.893643	-0.002848
681.000000	21.841000	168.925203	-0.003702
682.000000	21.843000	168.956767	-0.005167
683.000000	21.845000	168.988333	-0.007291
684.000000	21.847000	169.019901	-0.008805
685.000000	21.849000	169.051472	-0.013028
686.000000	21.851000	169.083047	-0.016764
687.000000	21.853000	169.114626	-0.021305
688.000000	21.855000	169.146206	-0.024088
689.000000	21.857000	169.177790	-0.026725
690.000000	21.859000	169.209376	-0.025748
691.000000	21.861000	169.240965	-0.023478
692.000000	21.863000	169.272559	-0.019718
693.000000	21.865000	169.304154	-0.016153
694.000000	21.867000	169.335752	-0.009464
695.000000	21.869000	169.367353	-0.005021
696.000000	21.871000	169.398959	-0.002213
697.000000	21.873000	169.430565	-0.000943
698.000000	21.875000	169.462175	0.000521
699.000000	21.877000	169.493788	-0.000480
700.000000	21.879000	169.525404	-0.000187
701.000000	21.881000	169.557024	-0.000919
702.000000	21.883000	169.588646	-0.000309
703.000000	21.885000	169.620270	-0.000235
704.000000	21.887000	169.651898	0.000033
705.000000	21.889000	169.683528	-0.000357
706.000000	21.891000	169.715163	-0.000089
707.000000	21.893000	169.746800	-0.000187
708.000000	21.895000	169.778439	-0.000577
709.000000	21.897000	169.810081	-0.001163
710.000000	21.899000	169.841728	-0.001163
711.000000	21.901000	169.873376	-0.002213
712.000000	21.903000	169.905027	-0.003092
713.000000	21.905000	169.936681	-0.004703
714.000000	21.907000	169.968338	-0.006290
715.000000	21.909000	170.000000	-0.009488
716.000000	21.911000	170.031663	-0.011832
717.000000	21.913000	170.063329	-0.018839
718.000000	21.915000	170.094997	-0.023990
719.000000	21.917000	170.126669	-0.030704
720.000000	21.919000	170.158346	-0.036930
721.000000	21.921000	170.190023	-0.042862
722.000000	21.923000	170.221704	-0.042887
723.000000	21.925000	170.253387	-0.037223
724.000000	21.927000	170.285076	-0.031217
725.000000	21.929000	170.316765	-0.019718
726.000000	21.931000	170.348457	-0.009610
727.000000	21.933000	170.380153	-0.004239
728.000000	21.935000	170.411851	-0.000357
729.000000	21.937000	170.443554	0.001669
730.000000	21.939000	170.475258	0.001742
731.000000	21.941000	170.506965	0.001059
732.000000	21.943000	170.538675	0.000253
733.000000	21.945000	170.570388	-0.000016
734.000000	21.947000	170.602106	0.000228
735.000000	21.949000	170.633825	0.000448
736.000000	21.951000	170.665546	0.000326
737.000000	21.953000	170.697271	0.000326
738.000000	21.955000	170.729001	0.001059
739.000000	21.957000	170.760731	0.001059
740.000000	21.959000	170.792465	0.000546
741.000000	21.961000	170.824202	0.000863
742.000000	21.963000	170.855941	0.000570
743.000000	21.965000	170.887685	0.000424
744.000000	21.967000	170.919431	-0.000284
745.000000	21.969000	170.951179	-0.000602
746.000000	21.971000	170.982931	-0.000797
747.000000	21.973000	171.014685	-0.000846
748.000000	21.975000	171.046444	-0.001480
749.000000	21.977000	171.078204	-0.002481
750.000000	21.979000	171.109967	-0.003653
751.000000	21.981000	171.141733	-0.004947
752.000000	21.983000	171.173504	-0.005460
753.000000	21.985000	171.205276	-0.006021
754.000000	21.987000	171.237051	-0.004972
755.000000	21.989000	171.268829	-0.004776
756.000000	21.991000	171.300609	-0.003458
757.000000	21.993000	171.332395	-0.003116
758.000000	21.995000	171.364182	-0.001041
759.000000	21.997000	171.395971	-0.000699
760.000000	21.999000	171.427764	0.000766
761.000000	22.001000	171.459559	0.000521
762.000000	22.003000	171.491360	0.000204
763.000000	22.005000	171.523161	-0.000113
764.000000	22.007000	171.554966	0.000375
765.000000	22.009000	171.586773	0.000497
766.000000	22.011000	171.618585	0.000302
767.000000	22.013000	171.650398	0.000424
768.000000	22.015000	171.682214	0.000180
769.000000	22.017000	171.714034	0.000399
770.000000	22.019000	171.745856	0.000375
771.000000	22.021000	171.777683	0.000448
772.000000	22.023000	171.809510	0.000399
773.000000	22.025000	171.841341	0.000375
774.000000	22.027000	171.873175	0.000595
775.000000	22.029000	171.905014	0.000351
776.000000	22.031000	171.936854	0.000277
777.000000	22.033000	171.968696	-0.000357
778.000000	22.035000	172.000542	0.000009
779.000000	22.037000	172.032391	-0.000333
780.000000	22.039000	172.064244	-0.000602
781.000000	22.041000	172.096099	-0.001139
782.000000	22.043000	172.127956	-0.001334
783.000000	22.045000	172.159816	-0.001725
784.000000	22.047000	172.191680	-0.002213
785.000000	22.049000	172.223548	-0.002384
786.000000	22.051000	172.255417	-0.002066
787.000000	22.053000	172.287289	-0.001773
788.000000	22.055000	172.319164	-0.001139
789.000000	22.057000	172.351044	-0.000089
790.000000	22.059000	172.382925	-0.000406
791.000000	22.061000	172.414809	0.000521
792.000000	22.063000	172.446696	0.000180
793.000000	22.065000	172.478586	0.000399
794.000000	22.067000	172.510481	0.000351
795.000000	22.069000	172.542377	0.000570
796.000000	22.071000	172.574275	0.000326
797.000000	22.073000	172.606177	0.000351
798.000000	22.075000	172.638082	0.000375
799.000000	22.077000	172.669991	0.000277
800.000000	22.079000	172.701902	0.000692
801.000000	22.081000	172.733815	0.000595
802.000000	22.083000	172.765732	0.000570
803.000000	22.085000	172.797653	0.000497
804.000000	22.087000	172.829575	0.000448
805.000000	22.089000	172.861500	0.000302
806.000000	22.091000	172.893429	0.000619
807.000000	22.093000	172.925360	0.000375
808.000000	22.095000	172.957296	0.000058
809.000000	22.097000	172.989233	0.000204
810.000000	22.099000	173.021173	0.000302
811.000000	22.101000	173.053116	0.000228
812.000000	22.103000	173.085062	-0.000162
813.000000	22.105000	173.117012	0.000033
814.000000	22.107000	173.148964	-0.000260
815.000000	22.109000	173.180919	-0.000504
816.000000	22.111000	173.212876	-0.000748
817.000000	22.113000	173.244839	-0.000650
818.000000	22.115000	173.276803	0.000351
819.000000	22.117000	173.308769	0.000180
820.000000	22.119000	173.340739	-0.000016
821.000000	22.121000	173.372711	0.000326
822.000000	22.123000	173.404688	0.000448
823.000000	22.125000	173.436667	0.000351
824.000000	22.127000	173.468648	0.000375
825.000000	22.129000	173.500632	0.000717
826.000000	22.131000	173.532619	0.000473
827.000000	22.133000	173.564611	0.000302
828.000000	22.135000	173.596604	0.000595
829.000000	22.137000	173.628600	0.000375
830.000000	22.139000	173.660599	0.000351
831.000000	22.141000	173.692603	0.000277
832.000000	22.143000	173.724608	0.000448
833.000000	22.145000	173.756616	0.000277
834.000000	22.147000	173.788627	0.000351
835.000000	22.149000	173.820640	0.000351
836.000000	22.151000	173.852659	0.000302
837.000000	22.153000	173.884678	0.000521
838.000000	22.155000	173.916701	0.000766
839.000000	22.157000	173.948727	0.000106
840.000000	22.159000	173.980755	-0.000040
841.000000	22.161000	174.012788	0.000155
842.000000	22.163000	174.044823	-0.000016
843.000000	22.165000	174.076860	-0.000162
844.000000	22.167000	174.108900	0.000082
845.000000	22.169000	174.140945	-0.000138
846.000000	22.171000	174.172991	-0.000406
847.000000	22.173000	174.205040	-0.000162
848.000000	22.175000	174.237092	-0.000138
849.000000	22.177000	174.269147	-0.000187
850.000000	22.179000	174.301207	-0.000357
851.000000	22.181000	174.333268	0.000277
852.000000	22.183000	174.365332	-0.000040
853.000000	22.185000	174.397399	0.000326
854.000000	22.187000	174.429469	0.000302
855.000000	22.189000	174.461543	0.000644
856.000000	22.191000	174.493619	0.000448
857.000000	22.193000	174.525697	0.000546
858.000000	22.195000	174.557779	0.000497
859.000000	22.197000	174.589865	0.000668
860.000000	22.199000	174.621953	0.000668
861.000000	22.201000	174.654043	0.000204
862.000000	22.203000	174.686136	0.000521
863.000000	22.205000	174.718233	0.000351
864.000000	22.207000	174.750334	0.000375
865.000000	22.209000	174.782436	0.000326
866.000000	22.211000	174.814541	0.000521
867.000000	22.213000	174.846649	0.000375
868.000000	22.215000	174.878760	0.000180
869.000000	22.217000	174.910876	0.000326
870.000000	22.219000	174.942993	0.000228
871.000000	22.221000	174.975113	0.000351
872.000000	22.223000	175.007235	0.000253
873.000000	22.225000	175.039363	0.000399
874.000000	22.227000	175.071492	0.000131
875.000000	22.229000	175.103623	0.000204
876.000000	22.231000	175.135758	0.000058
877.000000	22.233000	175.167895	0.000277
878.000000	22.235000	175.200038	0.000155
879.000000	22.237000	175.232181	-0.000162
880.000000	22.239000	175.264328	0.000228
881.000000	22.241000	175.296477	0.000082
882.000000	22.243000	175.328629	0.000692
883.000000	22.245000	175.360786	0.000473
884.000000	22.247000	175.392945	0.000424
885.000000	22.249000	175.425106	0.000473
886.000000	22.251000	175.457270	0.000619
887.000000	22.253000	175.489439	0.000692
888.000000	22.255000	175.521609	0.000375
889.000000	22.257000	175.553782	0.000448
890.000000	22.259000	175.585957	0.000326
891.000000	22.261000	175.618136	0.001083
892.000000	22.263000	175.650320	0.000595
893.000000	22.265000	175.682505	0.000546
894.000000	22.267000	175.714692	0.000717
895.000000	22.269000	175.746883	0.000351
896.000000	22.271000	175.779077	0.000766
897.000000	22.273000	175.811275	0.000448
898.000000	22.275000	175.843474	0.000082
899.000000	22.277000	175.875677	-0.000187
900.000000	22.279000	175.907882	-0.000626
901.000000	22.281000	175.940092	-0.000480
902.000000	22.283000	175.972304	-0.001188
903.000000	22.285000	176.004518	-0.001798
904.000000	22.287000	176.036735	-0.002701
905.000000	22.289000	176.068955	-0.003238
906.000000	22.291000	176.101180	-0.004215
907.000000	22.293000	176.133406	-0.005875
908.000000	22.295000	176.165635	-0.006168
909.000000	22.297000	176.197867	-0.006021
910.000000	22.299000	176.230104	-0.005436
911.000000	22.301000	176.262341	-0.004313
912.000000	22.303000	176.294582	-0.003409
913.000000	22.305000	176.326826	-0.001847
914.000000	22.307000	176.359072	-0.000480
915.000000	22.309000	176.391324	-0.000406
916.000000	22.311000	176.423576	0.000277
917.000000	22.313000	176.455832	0.000326
918.000000	22.315000	176.488090	0.000473
919.000000	22.317000	176.520352	0.000228
920.000000	22.319000	176.552618	0.000082
921.000000	22.321000	176.584885	-0.000016
922.000000	22.323000	176.617155	0.000375
923.000000	22.325000	176.649429	0.000448
924.000000	22.327000	176.681707	0.000448
925.000000	22.329000	176.713986	0.000644
926.000000	22.331000	176.746268	0.000399
927.000000	22.333000	176.778553	0.000521
928.000000	22.335000	176.810841	0.000448
929.000000	22.337000	176.843133	-0.000040
930.000000	22.339000	176.875427	0.000058
931.000000	22.341000	176.907724	0.000204
932.000000	22.343000	176.940024	0.000180
933.000000	22.345000	176.972326	-0.000724
934.000000	22.347000	177.004634	-0.001139
935.000000	22.349000	177.036942	-0.001480
936.000000	22.351000	177.069254	-0.001578
937.000000	22.353000	177.101568	-0.002384
938.000000	22.355000	177.133887	-0.002823
939.000000	22.357000	177.166208	-0.003556
940.000000	22.359000	177.198531	-0.004044
941.000000	22.361000	177.230857	-0.003507
942.000000	22.363000	177.263187	-0.002457
943.000000	22.365000	177.295521	-0.002359
944.000000	22.367000	177.327856	-0.001651
945.000000	22.369000	177.360194	-0.001017
946.000000	22.371000	177.392535	-0.000382
947.000000	22.373000	177.424879	-0.000553
948.000000	22.375000	177.457227	-0.000040
949.000000	22.377000	177.489577	0.000155
950.000000	22.379000	177.521930	0.000106
951.000000	22.381000	177.554286	0.000448
952.000000	22.383000	177.586646	0.000131
953.000000	22.385000	177.619008	-0.000357
954.000000	22.387000	177.651372	0.000131
955.000000	22.389000	177.683740	-0.000260
956.000000	22.391000	177.716110	-0.000284
957.000000	22.393000	177.748486	-0.000724
958.000000	22.395000	177.780862	-0.000602
959.000000	22.397000	177.813241	-0.001310
960.000000	22.399000	177.845624	-0.001480
961.000000	22.401000	177.878009	-0.002335
962.000000	22.403000	177.910399	-0.003580
963.000000	22.405000	177.942790	-0.004557
964.000000	22.407000	177.975184	-0.006778
965.000000	22.409000	178.007581	-0.008487
966.000000	22.411000	178.039983	-0.013932
967.000000	22.413000	178.072386	-0.017496
968.000000	22.415000	178.104792	-0.022818
969.000000	22.417000	178.137201	-0.028702
970.000000	22.419000	178.169612	-0.032730
971.000000	22.421000	178.202029	-0.031681
972.000000	22.423000	178.234447	-0.031510
973.000000	22.425000	178.266867	-0.025846
974.000000	22.427000	178.299291	-0.022477
975.000000	22.429000	178.331717	-0.013248
976.000000	22.431000	178.364148	-0.006632
977.000000	22.433000	178.396581	-0.002457
978.000000	22.435000	178.429016	0.000814
979.000000	22.437000	178.461454	0.000131
980.000000	22.439000	178.493898	0.000717
981.000000	22.441000	178.526342	0.000424
982.000000	22.443000	178.558789	-0.000211
983.000000	22.445000	178.591239	0.000082
984.000000	22.447000	178.623692	0.000351
985.000000	22.449000	178.656150	0.000009
986.000000	22.451000	178.688609	0.000180
987.000000	22.453000	178.721071	0.000253
988.000000	22.455000	178.753535	0.000473
989.000000	22.457000	178.786003	0.000595
990.000000	22.459000	178.818476	0.000351
991.000000	22.461000	178.850949	0.000253
992.000000	22.463000	178.883426	-0.000162
993.000000	22.465000	178.915906	-0.000577
994.000000	22.467000	178.948390	-0.000870
995.000000	22.469000	178.980876	-0.001993
996.000000	22.471000	179.013364	-0.001944
997.000000	22.473000	179.045855	-0.003189
998.000000	22.475000	179.078350	-0.004068
999.000000	22.477000	179.110849	-0.005924
1000.000000	22.479000	179.143349	-0.006607
