0.000	520.000	-245.783	0.000
1.000	519.990	-224.792	4.508
2.000	519.980	-204.100	10.497
3.000	519.970	-232.400	16.504
4.000	519.960	-245.667	22.509
5.000	519.950	-224.883	28.486
6.000	519.940	-259.325	34.502
7.000	519.930	-249.650	40.512
8.000	519.920	-212.575	46.492
9.000	519.910	-232.317	52.509
10.000	519.900	-213.008	58.494
11.000	519.890	-256.933	64.501
12.000	519.880	-245.458	70.497
13.000	519.870	-249.100	76.503
14.000	519.860	-205.867	82.499
15.000	519.850	-208.842	88.489
16.000	519.840	-213.783	94.501
17.000	519.830	-228.175	100.584
18.000	519.820	-203.858	106.498
19.000	519.810	-228.208	112.507
20.000	519.800	-234.500	118.500
21.000	519.790	-225.342	124.511
22.000	519.780	-230.825	130.515
23.000	519.770	-199.200	136.497
24.000	519.760	-228.800	142.509
25.000	519.750	-263.492	148.496
26.000	519.740	-211.775	154.506
27.000	519.730	-251.492	160.491
28.000	519.720	-241.625	166.509
29.000	519.710	-225.417	172.491
30.000	519.700	-243.308	178.511
31.000	519.690	-209.550	184.504
32.000	519.680	-185.000	190.551
33.000	519.670	-216.733	196.489
34.000	519.660	-214.633	202.503
35.000	519.650	-206.667	208.514
36.000	519.640	-230.367	214.504
37.000	519.630	-224.600	220.515
38.000	519.620	-207.658	226.499
39.000	519.610	-220.692	232.510
40.000	519.600	-282.858	238.517
41.000	519.590	-263.825	244.498
42.000	519.580	-232.692	250.514
43.000	519.570	-255.725	256.494
44.000	519.560	-276.317	262.510
45.000	519.550	-239.417	268.500
46.000	519.540	-215.233	274.514
47.000	519.530	-214.350	280.507
48.000	519.520	-214.067	286.479
49.000	519.510	-267.517	292.495
50.000	519.500	-234.325	298.510
51.000	519.490	-231.783	304.492
52.000	519.480	-182.567	310.508
53.000	519.470	-209.850	316.502
54.000	519.460	-223.975	322.519
55.000	519.450	-216.592	328.498
56.000	519.440	-209.867	334.512
57.000	519.430	-238.808	340.504
58.000	519.420	-253.042	346.522
59.000	519.410	-261.392	352.504
60.000	519.400	-203.792	358.521
61.000	519.390	-230.650	364.499
62.000	519.380	-208.067	370.515
63.000	519.370	-243.175	376.496
64.000	519.360	-242.892	382.504
65.000	519.350	-218.542	388.522
66.000	519.340	-238.617	394.508
67.000	519.330	-232.592	400.516
68.000	519.320	-244.758	406.499
69.000	519.310	-243.792	412.505
70.000	519.300	-212.483	418.512
71.000	519.290	-214.350	424.520
72.000	519.280	-235.450	430.502
73.000	519.270	-248.192	436.513
74.000	519.260	-220.458	442.500
75.000	519.250	-257.142	448.517
76.000	519.240	-242.458	454.502
77.000	519.230	-256.258	460.516
78.000	519.220	-231.967	466.507
79.000	519.210	-232.867	472.524
80.000	519.200	-259.750	478.500
81.000	519.190	-262.642	484.516
82.000	519.180	-258.817	490.505
83.000	519.170	-220.517	496.521
84.000	519.160	-247.450	502.507
85.000	519.150	-210.683	508.524
86.000	519.140	-181.733	514.509
87.000	519.130	-224.042	520.522
88.000	519.120	-224.717	526.516
89.000	519.110	-230.758	532.511
90.000	519.100	-277.025	538.527
91.000	519.090	-248.858	544.512
92.000	519.080	-165.708	550.524
93.000	519.070	-154.275	556.516
94.000	519.060	-127.250	562.528
95.000	519.050	-113.200	568.513
96.000	519.040	-142.008	574.530
97.000	519.030	-134.975	580.516
98.000	519.020	-154.017	586.505
99.000	519.010	-123.158	592.523
100.000	519.000	-115.475	598.506
101.000	518.990	-187.767	604.524
102.000	518.980	-228.842	610.510
103.000	518.970	-211.325	616.529
104.000	518.960	-285.483	622.517
105.000	518.950	-232.975	628.595
106.000	518.940	-261.750	634.515
107.000	518.930	-280.200	640.533
108.000	518.920	-259.792	646.520
109.000	518.910	-280.567	652.533
110.000	518.900	-323.675	658.515
111.000	518.890	-403.808	664.533
112.000	518.880	-540.117	670.528
113.000	518.870	-537.042	676.515
114.000	518.860	-721.283	682.533
115.000	518.850	-585.875	688.522
116.000	518.840	-449.283	694.508
117.000	518.830	-356.475	700.520
118.000	518.820	-285.292	706.570
119.000	518.810	-270.350	712.507
120.000	518.800	-262.383	718.514
121.000	518.790	-231.550	724.525
122.000	518.780	-197.242	730.535
123.000	518.770	-214.800	736.518
124.000	518.760	-232.325	742.526
125.000	518.750	-232.892	748.534
126.000	518.740	-237.508	754.516
127.000	518.730	-229.792	760.523
128.000	518.720	-217.450	766.539
129.000	518.710	-208.108	772.527
130.000	518.700	-218.267	778.521
131.000	518.690	-204.258	784.529
132.000	518.680	-241.800	790.522
133.000	518.670	-223.658	796.533
134.000	518.660	-228.575	802.512
135.000	518.650	-204.125	808.528
136.000	518.640	-197.417	814.523
137.000	518.630	-211.625	820.533
138.000	518.620	-211.217	826.525
139.000	518.610	-207.642	832.532
140.000	518.600	-231.083	838.526
141.000	518.590	-264.125	844.538
142.000	518.580	-224.533	850.523
143.000	518.570	-214.425	856.534
144.000	518.560	-230.258	862.522
145.000	518.550	-217.267	868.535
146.000	518.540	-197.325	874.542
147.000	518.530	-206.883	880.524
148.000	518.520	-172.233	886.541
149.000	518.510	-206.542	892.519
150.000	518.500	-212.150	898.529
151.000	518.490	-232.117	904.543
152.000	518.480	-183.392	910.528
153.000	518.470	-208.492	916.545
154.000	518.460	-223.833	922.532
155.000	518.450	-236.542	928.515
156.000	518.440	-225.450	934.530
157.000	518.430	-196.325	940.518
158.000	518.420	-191.358	946.534
159.000	518.410	-212.225	952.530
160.000	518.400	-213.133	958.544
161.000	518.390	-206.075	964.531
162.000	518.380	-202.383	970.524
163.000	518.370	-198.575	976.533
164.000	518.360	-199.267	982.527
165.000	518.350	-189.033	988.540
166.000	518.340	-187.567	994.529
167.000	518.330	-191.775	1000.547
168.000	518.320	-202.575	1006.533
169.000	518.310	-232.592	1012.546
170.000	518.300	-242.592	1018.524
171.000	518.290	-242.633	1024.542
172.000	518.280	-235.333	1030.531
173.000	518.270	-218.875	1036.542
174.000	518.260	-194.758	1042.538
175.000	518.250	-220.733	1048.550
176.000	518.240	-216.692	1054.542
177.000	518.230	-228.617	1060.550
178.000	518.220	-224.492	1066.530
179.000	518.210	-247.408	1072.535
180.000	518.200	-227.750	1078.548
181.000	518.190	-204.950	1084.533
182.000	518.180	-184.058	1090.544
183.000	518.170	-245.617	1096.584
184.000	518.160	-239.100	1102.527
185.000	518.150	-254.425	1108.536
186.000	518.140	-197.942	1114.542
187.000	518.130	-229.700	1120.549
188.000	518.120	-204.667	1126.538
189.000	518.110	-186.350	1132.550
190.000	518.100	-199.175	1138.535
191.000	518.090	-222.200	1144.543
192.000	518.080	-229.408	1150.551
193.000	518.070	-178.933	1156.540
194.000	518.060	-230.708	1162.547
195.000	518.050	-205.783	1168.532
196.000	518.040	-198.300	1174.548
197.000	518.030	-193.908	1180.528
198.000	518.020	-200.342	1186.544
199.000	518.010	-187.083	1192.535
200.000	518.000	-188.100	1198.551
201.000	517.990	-177.175	1204.541
202.000	517.980	-187.258	1210.612
203.000	517.970	-182.483	1216.524
204.000	517.960	-232.333	1222.541
205.000	517.950	-214.183	1228.556
206.000	517.940	-213.700	1234.540
207.000	517.930	-206.217	1240.555
208.000	517.920	-217.983	1246.543
209.000	517.910	-210.517	1252.536
210.000	517.900	-226.342	1258.545
211.000	517.890	-164.058	1264.542
212.000	517.880	-141.975	1270.554
213.000	517.870	-168.125	1276.540
214.000	517.860	-202.900	1282.546
215.000	517.850	-191.617	1288.542
216.000	517.840	-207.067	1294.552
217.000	517.830	-202.267	1300.534
218.000	517.820	-206.492	1306.541
219.000	517.810	-189.517	1312.625
220.000	517.800	-197.867	1318.543
221.000	517.790	-190.000	1324.557
222.000	517.780	-231.717	1330.545
223.000	517.770	-270.308	1336.536
224.000	517.760	-224.100	1342.552
225.000	517.750	-232.767	1348.546
226.000	517.740	-215.500	1354.538
227.000	517.730	-187.358	1360.556
228.000	517.720	-201.483	1366.536
229.000	517.710	-227.633	1372.553
230.000	517.700	-230.808	1378.534
231.000	517.690	-201.017	1384.540
232.000	517.680	-203.667	1390.560
233.000	517.670	-219.100	1396.544
234.000	517.660	-203.017	1402.561
235.000	517.650	-208.608	1408.552
236.000	517.640	-225.042	1414.557
237.000	517.630	-239.558	1420.563
238.000	517.620	-231.867	1426.550
239.000	517.610	-213.208	1432.554
240.000	517.600	-233.833	1438.561
241.000	517.590	-231.425	1444.544
242.000	517.580	-211.733	1450.550
243.000	517.570	-216.433	1456.557
244.000	517.560	-221.142	1462.626
245.000	517.550	-221.167	1468.546
246.000	517.540	-205.683	1474.558
247.000	517.530	-208.175	1480.550
248.000	517.520	-214.350	1486.512
249.000	517.510	-227.508	1492.518
250.000	517.500	-196.492	1498.526
251.000	517.490	-204.425	1504.532
252.000	517.480	-182.650	1510.538
253.000	517.470	-213.025	1516.553
254.000	517.460	-227.567	1522.566
255.000	517.450	-227.567	1528.547
256.000	517.440	-222.800	1534.563
257.000	517.430	-239.308	1540.557
258.000	517.420	-231.125	1546.544
259.000	517.410	-276.158	1552.560
260.000	517.400	-250.725	1558.552
261.000	517.390	-226.133	1564.568
262.000	517.380	-216.650	1570.561
263.000	517.370	-252.842	1576.550
264.000	517.360	-225.383	1582.563
265.000	517.350	-199.667	1588.556
266.000	517.340	-233.125	1594.547
267.000	517.330	-230.233	1600.561
268.000	517.320	-197.742	1606.568
269.000	517.310	-182.225	1612.563
270.000	517.300	-208.458	1618.569
271.000	517.290	-222.642	1624.553
272.000	517.280	-176.242	1630.557
273.000	517.270	-189.325	1636.564
274.000	517.260	-177.675	1642.570
275.000	517.250	-166.908	1648.554
276.000	517.240	-166.375	1654.567
277.000	517.230	-163.908	1660.552
278.000	517.220	-168.925	1666.565
279.000	517.210	-191.092	1672.552
280.000	517.200	-185.575	1678.568
281.000	517.190	-184.808	1684.554
282.000	517.180	-193.025	1690.567
283.000	517.170	-199.858	1696.572
284.000	517.160	-210.667	1702.552
285.000	517.150	-164.967	1708.567
286.000	517.140	-210.858	1714.547
287.000	517.130	-199.708	1720.527
288.000	517.120	-246.358	1726.543
289.000	517.110	-183.092	1732.558
290.000	517.100	-176.358	1738.571
291.000	517.090	-187.158	1744.553
292.000	517.080	-184.033	1750.469
293.000	517.070	-179.250	1756.555
294.000	517.060	-185.900	1762.473
295.000	517.050	-188.350	1768.563
296.000	517.040	-195.608	1774.476
297.000	517.030	-206.600	1780.562
298.000	517.020	-232.892	1786.474
299.000	517.010	-202.325	1792.566
300.000	517.000	-227.200	1798.477
301.000	516.990	-196.633	1804.566
302.000	516.980	-172.158	1810.475
303.000	516.970	-169.342	1816.564
304.000	516.960	-161.792	1822.472
305.000	516.950	-179.642	1828.562
306.000	516.940	-195.100	1834.477
307.000	516.930	-186.683	1840.567
308.000	516.920	-253.250	1846.478
309.000	516.910	-215.225	1852.565
310.000	516.900	-198.958	1858.575
311.000	516.890	-168.925	1864.481
312.000	516.880	-206.133	1870.565
313.000	516.870	-179.458	1876.570
314.000	516.860	-205.042	1882.481
315.000	516.850	-228.667	1888.471
316.000	516.840	-206.600	1894.565
317.000	516.830	-203.867	1900.481
318.000	516.820	-222.483	1906.572
319.000	516.810	-197.650	1912.563
320.000	516.800	-190.000	1918.477
321.000	516.790	-203.767	1924.568
322.000	516.780	-191.250	1930.552
323.000	516.770	-222.892	1936.568
324.000	516.760	-211.525	1942.564
325.000	516.750	-226.392	1948.479
326.000	516.740	-213.150	1954.562
327.000	516.730	-201.892	1960.477
328.000	516.720	-196.333	1966.573
329.000	516.710	-179.150	1972.554
330.000	516.700	-175.625	1978.561
331.000	516.690	-158.817	1984.567
332.000	516.680	-184.258	1990.571
333.000	516.670	-194.225	1996.477
334.000	516.660	-159.850	2002.476
335.000	516.650	-177.000	2008.483
336.000	516.640	-162.675	2014.563
337.000	516.630	-218.875	2020.567
338.000	516.620	-201.850	2026.483
339.000	516.610	-180.083	2032.568
340.000	516.600	-153.500	2038.475
341.000	516.590	-182.492	2044.482
342.000	516.580	-176.475	2050.569
343.000	516.570	-205.317	2056.480
344.000	516.560	-178.108	2062.489
345.000	516.550	-155.917	2068.569
346.000	516.540	-183.400	2074.488
347.000	516.530	-193.817	2080.570
348.000	516.520	-202.908	2086.485
349.000	516.510	-233.325	2092.565
350.000	516.500	-281.750	2098.480
351.000	516.490	-287.675	2104.568
352.000	516.480	-274.667	2110.478
353.000	516.470	-308.017	2116.565
354.000	516.460	-277.058	2122.481
355.000	516.450	-302.550	2128.575
356.000	516.440	-299.650	2134.487
357.000	516.430	-297.867	2140.475
358.000	516.420	-290.058	2146.489
359.000	516.410	-307.350	2152.575
360.000	516.400	-275.183	2158.546
361.000	516.390	-280.325	2164.476
362.000	516.380	-245.992	2170.490
363.000	516.370	-220.975	2176.475
364.000	516.360	-217.417	2182.491
365.000	516.350	-186.275	2188.472
366.000	516.340	-184.217	2194.489
367.000	516.330	-169.667	2200.568
368.000	516.320	-184.508	2206.484
369.000	516.310	-201.667	2212.566
370.000	516.300	-168.867	2218.478
371.000	516.290	-176.283	2224.489
372.000	516.280	-168.850	2230.472
373.000	516.270	-183.458	2236.487
374.000	516.260	-195.292	2242.565
375.000	516.250	-199.492	2248.476
376.000	516.240	-188.725	2254.483
377.000	516.230	-184.867	2260.488
378.000	516.220	-199.842	2266.569
379.000	516.210	-191.217	2272.475
380.000	516.200	-202.675	2278.490
381.000	516.190	-198.900	2284.482
382.000	516.180	-193.867	2290.493
383.000	516.170	-185.158	2296.485
384.000	516.160	-161.342	2302.568
385.000	516.150	-208.175	2308.474
386.000	516.140	-201.300	2314.492
387.000	516.130	-199.717	2320.570
388.000	516.120	-197.167	2326.486
389.000	516.110	-227.283	2332.477
390.000	516.100	-211.992	2338.488
391.000	516.090	-188.492	2344.495
392.000	516.080	-197.325	2350.479
393.000	516.070	-185.592	2356.493
394.000	516.060	-223.658	2362.475
395.000	516.050	-206.758	2368.489
396.000	516.040	-193.375	2374.479
397.000	516.030	-193.142	2380.487
398.000	516.020	-180.092	2386.481
399.000	516.010	-166.033	2392.495
400.000	516.000	-180.608	2398.480
401.000	515.990	-184.342	2404.493
402.000	515.980	-201.692	2410.481
403.000	515.970	-168.042	2416.497
404.000	515.960	-179.783	2422.483
405.000	515.950	-206.317	2428.497
406.000	515.940	-185.342	2434.577
407.000	515.930	-170.250	2440.488
408.000	515.920	-196.217	2446.496
409.000	515.910	-186.950	2452.478
410.000	515.900	-158.917	2458.498
411.000	515.890	-196.142	2464.492
412.000	515.880	-179.175	2470.481
413.000	515.870	-220.025	2476.498
414.000	515.860	-231.725	2482.481
415.000	515.850	-187.758	2488.499
416.000	515.840	-194.258	2494.484
417.000	515.830	-202.825	2500.500
418.000	515.820	-199.250	2506.484
419.000	515.810	-171.817	2512.498
420.000	515.800	-192.358	2518.505
421.000	515.790	-176.600	2524.490
422.000	515.780	-181.033	2530.500
423.000	515.770	-170.283	2536.506
424.000	515.760	-180.542	2542.490
425.000	515.750	-183.917	2548.577
426.000	515.740	-176.150	2554.490
427.000	515.730	-175.250	2560.505
428.000	515.720	-176.283	2566.484
429.000	515.710	-180.225	2572.500
430.000	515.700	-194.925	2578.480
431.000	515.690	-175.358	2584.496
432.000	515.680	-192.300	2590.483
433.000	515.670	-207.625	2596.502
434.000	515.660	-208.592	2602.489
435.000	515.650	-152.067	2608.495
436.000	515.640	-177.867	2614.494
437.000	515.630	-194.992	2620.503
438.000	515.620	-188.317	2626.484
439.000	515.610	-171.367	2632.495
440.000	515.600	-160.983	2638.501
441.000	515.590	-141.608	2644.477
442.000	515.580	-148.442	2650.499
443.000	515.570	-203.817	2656.510
444.000	515.560	-165.150	2662.502
445.000	515.550	-168.375	2668.494
446.000	515.540	-178.692	2674.507
447.000	515.530	-171.400	2680.497
448.000	515.520	-183.283	2686.566
449.000	515.510	-204.042	2692.485
450.000	515.500	-224.550	2698.499
451.000	515.490	-184.950	2704.545
452.000	515.480	-170.467	2710.499
453.000	515.470	-198.467	2716.512
454.000	515.460	-189.558	2722.493
455.000	515.450	-178.583	2728.504
456.000	515.440	-204.017	2734.485
457.000	515.430	-206.133	2740.506
458.000	515.420	-176.375	2746.493
459.000	515.410	-183.808	2752.509
460.000	515.400	-176.633	2758.499
461.000	515.390	-199.242	2764.512
462.000	515.380	-157.217	2770.503
463.000	515.370	-197.492	2776.514
464.000	515.360	-207.875	2782.499
465.000	515.350	-189.400	2788.505
466.000	515.340	-158.533	2794.513
467.000	515.330	-188.433	2800.497
468.000	515.320	-194.767	2806.512
469.000	515.310	-195.758	2812.505
470.000	515.300	-181.733	2818.510
471.000	515.290	-152.517	2824.491
472.000	515.280	-183.108	2830.505
473.000	515.270	-183.842	2836.516
474.000	515.260	-222.483	2842.504
475.000	515.250	-212.017	2848.514
476.000	515.240	-211.358	2854.493
477.000	515.230	-242.783	2860.512
478.000	515.220	-174.042	2866.495
479.000	515.210	-184.725	2872.513
480.000	515.200	-169.958	2878.494
481.000	515.190	-177.017	2884.502
482.000	515.180	-191.050	2890.497
483.000	515.170	-165.975	2896.509
484.000	515.160	-180.983	2902.505
485.000	515.150	-168.108	2908.499
486.000	515.140	-175.992	2914.510
487.000	515.130	-176.058	2920.490
488.000	515.120	-176.375	2926.501
489.000	515.110	-190.333	2932.511
490.000	515.100	-203.833	2938.496
491.000	515.090	-184.058	2944.514
492.000	515.080	-165.850	2950.501
493.000	515.070	-173.108	2956.520
494.000	515.060	-161.242	2962.514
495.000	515.050	-170.733	2968.508
496.000	515.040	-169.533	2974.498
497.000	515.030	-159.417	2980.515
498.000	515.020	-166.583	2986.505
499.000	515.010	-182.033	2992.522
500.000	515.000	-167.892	2998.512
501.000	514.990	0.000	3004.520
