0.000	533.000	-252.383	0.000
1.000	532.990	-279.108	1.097
2.000	532.980	-249.808	7.092
3.000	532.970	-247.508	13.109
4.000	532.960	-242.883	19.099
5.000	532.950	-260.842	25.090
6.000	532.940	-232.333	31.108
7.000	532.930	-275.042	37.091
8.000	532.920	-254.117	43.111
9.000	532.910	-261.867	49.105
10.000	532.900	-247.575	55.096
11.000	532.890	-256.592	61.111
12.000	532.880	-249.592	67.098
13.000	532.870	-267.542	73.113
14.000	532.860	-259.050	79.102
15.000	532.850	-206.625	85.092
16.000	532.840	-223.942	91.107
17.000	532.830	-289.742	97.097
18.000	532.820	-288.425	103.115
19.000	532.810	-256.367	109.100
20.000	532.800	-214.683	115.094
21.000	532.790	-240.442	121.112
22.000	532.780	-250.292	127.104
23.000	532.770	-318.575	133.115
24.000	532.760	-284.408	139.105
25.000	532.750	-295.083	145.099
26.000	532.740	-269.158	151.117
27.000	532.730	-244.667	157.111
28.000	532.720	-257.475	163.106
29.000	532.710	-249.133	169.103
30.000	532.700	-264.975	175.094
31.000	532.690	-258.583	181.111
32.000	532.680	-284.950	187.101
33.000	532.670	-301.775	193.117
34.000	532.660	-284.883	199.110
35.000	532.650	-260.017	205.101
36.000	532.640	-278.725	211.115
37.000	532.630	-257.725	217.105
38.000	532.620	-250.300	223.116
39.000	532.610	-234.908	229.104
40.000	532.600	-267.733	235.114
41.000	532.590	-268.725	241.104
42.000	532.580	-260.750	247.120
43.000	532.570	-260.675	253.112
44.000	532.560	-242.875	259.097
45.000	532.550	-257.417	265.112
46.000	532.540	-271.425	271.121
47.000	532.530	-243.075	277.106
48.000	532.520	-265.650	283.114
49.000	532.510	-277.658	289.097
50.000	532.500	-290.317	295.109
51.000	532.490	-232.383	301.155
52.000	532.480	-216.375	307.099
53.000	532.470	-208.758	313.107
54.000	532.460	-236.850	319.103
55.000	532.450	-206.558	325.115
56.000	532.440	-242.725	331.097
57.000	532.430	-255.392	337.116
58.000	532.420	-222.367	343.112
59.000	532.410	-211.517	349.102
60.000	532.400	-206.925	355.078
61.000	532.390	-230.100	361.096
62.000	532.380	-221.700	367.112
63.000	532.370	-211.717	373.100
64.000	532.360	-206.567	379.118
65.000	532.350	-223.058	385.105
66.000	532.340	-215.683	391.119
67.000	532.330	-195.733	397.100
68.000	532.320	-174.108	403.117
69.000	532.310	-198.775	409.096
70.000	532.300	-202.183	415.116
71.000	532.290	-210.825	421.121
72.000	532.280	-220.883	427.107
73.000	532.270	-221.225	433.119
74.000	532.260	-217.050	439.126
75.000	532.250	-220.700	445.115
76.000	532.240	-247.217	451.127
77.000	532.230	-302.300	457.118
78.000	532.220	-283.925	463.195
79.000	532.210	-262.683	469.117
80.000	532.200	-240.042	475.125
81.000	532.190	-187.167	481.113
82.000	532.180	-202.192	487.125
83.000	532.170	-248.817	493.115
84.000	532.160	-216.833	499.125
85.000	532.150	-220.942	505.105
86.000	532.140	-184.617	511.113
87.000	532.130	-206.500	517.128
88.000	532.120	-207.158	523.115
89.000	532.110	-229.342	529.130
90.000	532.100	-225.333	535.111
91.000	532.090	-173.625	541.126
92.000	532.080	-192.658	547.118
93.000	532.070	-211.533	553.166
94.000	532.060	-234.242	559.118
95.000	532.050	-235.842	565.110
96.000	532.040	-226.983	571.127
97.000	532.030	-244.317	577.106
98.000	532.020	-287.808	583.121
99.000	532.010	-302.117	589.113
100.000	532.000	-309.608	595.126
101.000	531.990	-267.550	601.119
102.000	531.980	-229.758	607.115
103.000	531.970	-224.700	613.130
104.000	531.960	-265.883	619.107
105.000	531.950	-289.467	625.122
106.000	531.940	-277.525	631.110
107.000	531.930	-199.683	637.129
108.000	531.920	-243.033	643.110
109.000	531.910	-242.825	649.124
110.000	531.900	-206.958	655.107
111.000	531.890	-206.933	661.122
112.000	531.880	-221.500	667.111
113.000	531.870	-210.750	673.126
114.000	531.860	-212.900	679.107
115.000	531.850	-231.442	685.121
116.000	531.840	-254.317	691.137
117.000	531.830	-285.800	697.127
118.000	531.820	-315.450	703.117
119.000	531.810	-310.500	709.131
120.000	531.800	-358.467	715.112
121.000	531.790	-429.700	721.126
122.000	531.780	-402.425	727.107
123.000	531.770	-302.492	733.117
124.000	531.760	-273.158	739.135
125.000	531.750	-257.525	745.122
126.000	531.740	-215.167	751.127
127.000	531.730	-216.850	757.139
128.000	531.720	-220.608	763.131
129.000	531.710	-233.017	769.127
130.000	531.700	-249.583	775.138
131.000	531.690	-221.042	781.129
132.000	531.680	-243.208	787.122
133.000	531.670	-231.900	793.136
134.000	531.660	-235.233	799.115
135.000	531.650	-243.125	805.128
136.000	531.640	-218.525	811.121
137.000	531.630	-190.658	817.137
138.000	531.620	-194.717	823.118
139.000	531.610	-253.467	829.134
140.000	531.600	-236.825	835.116
141.000	531.590	-243.425	841.132
142.000	531.580	-242.167	847.124
143.000	531.570	-286.775	853.137
144.000	531.560	-300.808	859.124
145.000	531.550	-282.208	865.140
146.000	531.540	-243.283	871.124
147.000	531.530	-249.367	877.138
148.000	531.520	-259.625	883.128
149.000	531.510	-234.308	889.145
150.000	531.500	-260.058	895.136
151.000	531.490	-219.850	901.119
152.000	531.480	-232.383	907.134
153.000	531.470	-232.733	913.128
154.000	531.460	-216.400	919.142
155.000	531.450	-265.600	925.130
156.000	531.440	-239.617	931.143
157.000	531.430	-258.800	937.126
158.000	531.420	-263.267	943.143
159.000	531.410	-241.242	949.129
160.000	531.400	-268.108	955.146
161.000	531.390	-263.083	961.137
162.000	531.380	-229.575	967.125
163.000	531.370	-237.475	973.142
164.000	531.360	-259.208	979.129
165.000	531.350	-280.083	985.148
166.000	531.340	-230.550	991.139
167.000	531.330	-231.417	997.122
168.000	531.320	-236.608	1003.140
169.000	531.310	-256.508	1009.121
170.000	531.300	-234.833	1015.126
171.000	531.290	-265.608	1021.135
172.000	531.280	-263.742	1027.144
173.000	531.270	-259.908	1033.128
174.000	531.260	-285.900	1039.142
175.000	531.250	-239.892	1045.127
176.000	531.240	-211.567	1051.136
177.000	531.230	-192.725	1057.142
178.000	531.220	-220.350	1063.149
179.000	531.210	-208.658	1069.135
180.000	531.200	-231.967	1075.143
181.000	531.190	-222.658	1081.141
182.000	531.180	-233.417	1087.121
183.000	531.170	-196.933	1093.127
184.000	531.160	-221.908	1099.142
185.000	531.150	-193.533	1105.122
186.000	531.140	-170.733	1111.138
187.000	531.130	-188.208	1117.150
188.000	531.120	-224.067	1123.132
189.000	531.110	-217.525	1129.148
190.000	531.100	-181.092	1135.130
191.000	531.090	-231.408	1141.144
192.000	531.080	-263.133	1147.111
193.000	531.070	-254.700	1153.137
194.000	531.060	-246.008	1159.153
195.000	531.050	-284.358	1165.138
196.000	531.040	-275.258	1171.154
197.000	531.030	-214.683	1177.142
198.000	531.020	-200.967	1183.130
199.000	531.010	-236.358	1189.145
200.000	531.000	-217.100	1195.128
201.000	530.990	-225.750	1201.144
202.000	530.980	-241.392	1207.132
203.000	530.970	-223.567	1213.148
204.000	530.960	-208.000	1219.143
205.000	530.950	-164.950	1225.190
206.000	530.940	-174.117	1231.143
207.000	530.930	-208.958	1237.131
208.000	530.920	-210.767	1243.147
209.000	530.910	-223.675	1249.139
210.000	530.900	-185.275	1255.150
211.000	530.890	-197.808	1261.130
212.000	530.880	-186.717	1267.135
213.000	530.870	-200.267	1273.141
214.000	530.860	-215.425	1279.147
215.000	530.850	-211.950	1285.154
216.000	530.840	-244.725	1291.137
217.000	530.830	-222.550	1297.149
218.000	530.820	-235.833	1303.160
219.000	530.810	-216.025	1309.148
220.000	530.800	-217.442	1315.156
221.000	530.790	-235.150	1321.145
222.000	530.780	-210.717	1327.159
223.000	530.770	-216.083	1333.151
224.000	530.760	-202.808	1339.137
225.000	530.750	-199.025	1345.153
226.000	530.740	-204.800	1351.147
227.000	530.730	-203.775	1357.137
228.000	530.720	-233.267	1363.154
229.000	530.710	-206.425	1369.142
230.000	530.700	-226.158	1375.161
231.000	530.690	-199.367	1381.153
232.000	530.680	-219.575	1387.162
233.000	530.670	-189.025	1393.153
234.000	530.660	-186.008	1399.141
235.000	530.650	-181.858	1405.157
236.000	530.640	-224.308	1411.149
237.000	530.630	-203.533	1417.158
238.000	530.620	-197.733	1423.128
239.000	530.610	-190.858	1429.148
240.000	530.600	-174.592	1435.154
241.000	530.590	-191.700	1441.160
242.000	530.580	-202.417	1447.143
243.000	530.570	-198.725	1453.149
244.000	530.560	-236.775	1459.154
245.000	530.550	-248.325	1465.161
246.000	530.540	-236.058	1471.147
247.000	530.530	-182.425	1477.159
248.000	530.520	-203.517	1483.166
249.000	530.510	-184.408	1489.148
250.000	530.500	-142.508	1495.065
251.000	530.490	-201.650	1501.146
252.000	530.480	-188.542	1507.066
253.000	530.470	-172.900	1513.150
254.000	530.460	-155.208	1519.067
255.000	530.450	-160.408	1525.148
256.000	530.440	-180.517	1531.067
257.000	530.430	-195.967	1537.149
258.000	530.420	-209.125	1543.157
259.000	530.410	-211.342	1549.154
260.000	530.400	-168.508	1555.119
261.000	530.390	-192.808	1561.126
262.000	530.380	-187.483	1567.144
263.000	530.370	-178.167	1573.151
264.000	530.360	-209.017	1579.137
265.000	530.350	-204.717	1585.154
266.000	530.340	-198.200	1591.068
267.000	530.330	-201.250	1597.157
268.000	530.320	-227.817	1603.153
269.000	530.310	-192.025	1609.065
270.000	530.300	-188.317	1615.157
271.000	530.290	-202.583	1621.163
272.000	530.280	-189.342	1627.068
273.000	530.270	-184.733	1633.153
274.000	530.260	-197.158	1639.160
275.000	530.250	-200.550	1645.065
276.000	530.240	-215.400	1651.147
277.000	530.230	-200.825	1657.154
278.000	530.220	-207.192	1663.072
279.000	530.210	-169.233	1669.160
280.000	530.200	-196.717	1675.142
281.000	530.190	-191.550	1681.161
282.000	530.180	-183.758	1687.067
283.000	530.170	-174.908	1693.107
284.000	530.160	-180.075	1699.142
285.000	530.150	-162.400	1705.152
286.000	530.140	-199.150	1711.159
287.000	530.130	-200.983	1717.067
288.000	530.120	-203.292	1723.154
289.000	530.110	-199.283	1729.069
290.000	530.100	-220.958	1735.146
291.000	530.090	-230.033	1741.166
292.000	530.080	-253.408	1747.076
293.000	530.070	-266.692	1753.066
294.000	530.060	-197.942	1759.075
295.000	530.050	-176.892	1765.162
296.000	530.040	-198.150	1771.069
297.000	530.030	-179.725	1777.076
298.000	530.020	-203.783	1783.160
299.000	530.010	-185.908	1789.077
300.000	530.000	-192.417	1795.158
301.000	529.990	0.000	1801.073
