0.000	533.000	-62.167	0.000
1.000	532.985	-82.400	0.991
2.000	532.970	-80.600	3.953
3.000	532.955	-96.967	7.042
4.000	532.940	-93.700	9.993
5.000	532.925	-86.500	12.953
6.000	532.910	-108.067	16.044
7.000	532.895	-136.500	18.998
8.000	532.880	-105.733	21.962
9.000	532.865	-119.300	24.930
10.000	532.850	-126.700	28.027
11.000	532.835	-119.033	30.979
12.000	532.820	-113.000	33.945
13.000	532.805	-128.933	37.037
14.000	532.790	-138.800	39.991
15.000	532.775	-121.933	42.954
16.000	532.760	-107.300	46.051
17.000	532.745	-126.200	49.007
18.000	532.730	-100.633	51.972
19.000	532.715	-91.600	54.936
20.000	532.700	-102.700	58.033
21.000	532.685	-94.900	60.986
22.000	532.670	-101.300	63.952
23.000	532.655	-95.600	67.046
24.000	532.640	-110.867	69.999
25.000	532.625	-114.800	72.963
26.000	532.610	-112.500	76.090
27.000	532.595	-101.567	79.030
28.000	532.580	-120.467	81.992
29.000	532.565	-128.633	84.954
30.000	532.550	-135.833	87.915
31.000	532.535	-132.667	91.010
32.000	532.520	-130.933	93.963
33.000	532.505	-110.400	96.926
34.000	532.490	-110.400	100.020
35.000	532.475	-92.867	102.936
36.000	532.460	-101.033	106.022
37.000	532.445	-102.267	108.971
38.000	532.430	-121.867	111.930
39.000	532.415	-107.767	115.018
40.000	532.400	-121.900	117.986
41.000	532.385	-110.033	120.944
42.000	532.370	-110.033	124.033
43.000	532.355	-109.633	126.983
44.000	532.340	-94.300	129.942
45.000	532.325	-94.333	133.033
46.000	532.310	-108.400	135.985
47.000	532.295	-139.667	138.942
48.000	532.280	-131.267	142.028
49.000	532.265	-102.033	144.995
50.000	532.250	-121.133	147.950
51.000	532.235	-127.133	151.037
52.000	532.220	-128.833	154.002
53.000	532.205	-94.067	156.958
54.000	532.190	-77.933	160.039
55.000	532.175	-71.900	163.005
56.000	532.160	-78.467	165.960
57.000	532.145	-88.600	169.047
58.000	532.130	-78.733	172.012
59.000	532.115	-97.367	174.968
60.000	532.100	-85.000	178.084
61.000	532.085	-89.200	181.022
62.000	532.070	-77.667	183.974
63.000	532.055	-96.833	186.929
64.000	532.040	-103.633	190.017
65.000	532.025	-90.267	192.980
66.000	532.010	-116.800	195.938
67.000	531.995	-113.733	199.026
68.000	531.980	-102.467	201.994
69.000	531.965	-115.500	204.953
70.000	531.950	-109.400	208.041
71.000	531.935	-129.433	210.991
72.000	531.920	-122.967	213.947
73.000	531.905	-114.700	217.036
74.000	531.890	-113.067	220.004
75.000	531.875	-117.267	222.958
76.000	531.860	-111.900	226.048
77.000	531.845	-96.433	229.014
78.000	531.830	-102.000	231.972
79.000	531.815	-156.000	234.931
80.000	531.800	-165.700	238.019
81.000	531.785	-176.600	240.971
82.000	531.770	-165.600	244.092
83.000	531.755	-163.467	247.030
84.000	531.740	-117.300	249.986
85.000	531.725	-125.733	252.945
86.000	531.710	-133.067	256.035
87.000	531.695	-115.867	259.000
88.000	531.680	-114.100	261.956
89.000	531.665	-110.367	265.046
90.000	531.650	-130.833	268.013
91.000	531.635	-109.400	270.974
92.000	531.620	-95.467	273.935
93.000	531.605	-91.500	277.027
94.000	531.590	-87.200	279.978
95.000	531.575	-95.600	282.934
96.000	531.560	-111.833	286.025
97.000	531.545	-114.300	288.992
98.000	531.530	-138.900	291.950
99.000	531.515	-120.633	295.041
100.000	531.500	-91.300	297.992
101.000	531.485	-103.867	300.952
102.000	531.470	-114.500	304.044
103.000	531.455	-111.933	306.997
104.000	531.440	-95.600	309.960
105.000	531.425	-83.367	313.090
106.000	531.410	-78.767	316.030
107.000	531.395	-82.067	318.988
108.000	531.380	-96.167	321.952
109.000	531.365	-91.000	325.045
110.000	531.350	-94.667	327.999
111.000	531.335	-86.800	330.961
112.000	531.320	-103.233	334.055
113.000	531.305	-104.333	337.011
114.000	531.290	-111.500	339.976
115.000	531.275	-120.833	342.943
116.000	531.260	-100.933	346.038
117.000	531.245	-99.867	348.993
118.000	531.230	-103.200	351.961
119.000	531.215	-95.833	355.095
120.000	531.200	-129.633	358.034
121.000	531.185	-100.700	360.998
122.000	531.170	-119.400	363.962
123.000	531.155	-124.933	367.094
124.000	531.140	-104.633	370.033
125.000	531.125	-97.700	372.994
126.000	531.110	-93.767	375.959
127.000	531.095	-118.233	379.054
128.000	531.080	-112.133	382.007
129.000	531.065	-116.633	384.970
130.000	531.050	-93.500	387.932
131.000	531.035	-85.633	391.025
132.000	531.020	-90.867	393.976
133.000	531.005	-107.733	396.939
134.000	530.990	-86.433	400.028
135.000	530.975	-123.400	402.979
136.000	530.960	-102.867	405.940
137.000	530.945	-83.900	409.032
138.000	530.930	-106.300	411.984
139.000	530.915	-95.033	414.943
140.000	530.900	-93.967	418.036
141.000	530.885	-96.800	420.986
142.000	530.870	-104.833	423.946
143.000	530.855	-101.367	427.036
144.000	530.840	-125.333	429.987
145.000	530.825	-113.267	432.943
146.000	530.810	-102.733	436.032
147.000	530.795	-102.200	438.999
148.000	530.780	-90.500	441.959
149.000	530.765	-98.600	445.050
150.000	530.750	-110.900	448.002
151.000	530.735	-130.667	450.962
152.000	530.720	-147.600	454.053
153.000	530.705	-135.767	457.003
154.000	530.690	-128.867	459.967
155.000	530.675	-105.833	462.931
156.000	530.660	-115.167	466.026
157.000	530.645	-107.800	468.978
158.000	530.630	-90.033	471.940
159.000	530.615	-88.300	475.035
160.000	530.600	-90.200	477.987
161.000	530.585	-137.367	480.948
162.000	530.570	-115.367	484.041
163.000	530.555	-119.767	486.991
164.000	530.540	-112.567	489.950
165.000	530.525	-109.433	493.043
166.000	530.510	-109.667	495.994
167.000	530.495	-99.300	498.957
168.000	530.480	-92.667	502.052
169.000	530.465	-100.467	505.003
170.000	530.450	-94.900	507.965
171.000	530.435	-81.400	511.094
172.000	530.420	-79.433	514.032
173.000	530.405	-91.033	516.993
174.000	530.390	-91.033	519.955
175.000	530.375	-94.767	523.048
176.000	530.360	-107.633	525.997
177.000	530.345	-116.233	528.956
178.000	530.330	-85.233	532.043
179.000	530.315	-83.000	535.010
180.000	530.300	-107.000	537.968
181.000	530.285	-104.867	541.054
182.000	530.270	-120.000	544.021
183.000	530.255	-111.467	546.976
184.000	530.240	-107.067	549.931
185.000	530.225	-92.767	553.022
186.000	530.210	-88.167	555.986
187.000	530.195	-88.567	558.943
188.000	530.180	-85.300	562.026
189.000	530.165	-94.167	564.992
190.000	530.150	-126.567	567.948
191.000	530.135	-123.300	571.033
192.000	530.120	-120.700	574.001
193.000	530.105	-107.833	576.957
194.000	530.090	-124.200	580.044
195.000	530.075	-128.933	583.009
196.000	530.060	-122.000	585.965
197.000	530.045	-120.800	589.053
198.000	530.030	-100.800	592.016
199.000	530.015	-100.367	594.972
200.000	530.000	-100.833	597.930
201.000	529.985	-92.767	601.019
202.000	529.970	-97.433	603.970
203.000	529.955	-97.133	607.092
204.000	529.940	-101.500	610.030
205.000	529.925	-109.933	612.988
206.000	529.910	-131.400	615.947
207.000	529.895	-139.433	619.037
208.000	529.880	-113.600	621.988
209.000	529.865	-101.200	624.947
210.000	529.850	-114.100	628.039
211.000	529.835	-90.033	630.991
212.000	529.820	-111.033	633.955
213.000	529.805	-103.333	637.047
214.000	529.790	-115.333	640.000
215.000	529.775	-87.200	642.960
216.000	529.760	-92.800	646.050
217.000	529.745	-97.967	649.001
218.000	529.730	-103.700	651.957
219.000	529.715	-112.967	655.047
220.000	529.700	-111.933	658.015
221.000	529.685	-100.000	660.971
222.000	529.670	-80.433	663.928
223.000	529.655	-87.900	667.016
224.000	529.640	-74.133	669.968
225.000	529.625	-59.700	673.090
226.000	529.610	-64.067	676.028
227.000	529.595	-66.633	678.984
228.000	529.580	-96.100	681.943
229.000	529.565	-106.533	685.032
230.000	529.550	-115.633	687.999
231.000	529.535	-101.533	690.956
232.000	529.520	-109.233	694.044
233.000	529.505	-138.267	697.008
234.000	529.490	-111.100	699.964
235.000	529.475	-90.967	703.051
236.000	529.460	-101.100	706.016
237.000	529.445	-102.433	708.974
238.000	529.430	-81.067	711.928
239.000	529.415	-74.433	715.013
240.000	529.400	-99.133	717.978
241.000	529.385	-97.833	720.934
242.000	529.370	-120.033	724.020
243.000	529.355	-110.567	726.983
244.000	529.340	-89.067	729.936
245.000	529.325	-101.100	733.020
246.000	529.310	-104.300	735.983
247.000	529.295	-110.933	738.937
248.000	529.280	-110.600	742.020
249.000	529.265	-123.067	744.984
250.000	529.250	-123.900	747.937
251.000	529.235	-96.533	751.022
252.000	529.220	-92.100	753.985
253.000	529.205	-82.100	756.939
254.000	529.190	-79.300	760.024
255.000	529.175	-66.400	762.986
256.000	529.160	-102.533	765.937
257.000	529.145	-126.267	769.022
258.000	529.130	-130.233	771.984
259.000	529.115	-125.133	774.936
260.000	529.100	-125.200	778.021
261.000	529.085	-151.400	780.985
262.000	529.070	-151.267	783.938
263.000	529.055	-140.500	787.022
264.000	529.040	-130.300	789.987
265.000	529.025	-113.667	792.941
266.000	529.010	-114.000	796.030
267.000	528.995	-129.067	798.996
268.000	528.980	-123.233	801.949
269.000	528.965	-103.600	805.035
270.000	528.950	-114.100	807.997
271.000	528.935	-108.500	810.953
272.000	528.920	-105.400	814.038
273.000	528.905	-108.667	816.999
274.000	528.890	-96.167	819.954
275.000	528.875	-111.433	823.038
276.000	528.860	-126.667	826.003
277.000	528.845	-122.133	828.957
278.000	528.830	-137.133	832.046
279.000	528.815	-108.033	835.014
280.000	528.800	-127.400	837.972
281.000	528.785	-108.100	840.929
282.000	528.770	-104.600	844.016
283.000	528.755	-132.600	846.981
284.000	528.740	-126.933	849.942
285.000	528.725	-115.133	853.027
286.000	528.710	-102.500	855.994
287.000	528.695	-100.933	858.949
288.000	528.680	-84.267	862.038
289.000	528.665	-100.300	865.002
290.000	528.650	-110.700	867.955
291.000	528.635	-90.133	871.043
292.000	528.620	-94.000	874.005
293.000	528.605	-88.267	876.960
294.000	528.590	-96.167	880.044
295.000	528.575	-100.733	883.007
296.000	528.560	-100.933	885.961
297.000	528.545	-91.000	889.045
298.000	528.530	-85.700	892.009
299.000	528.515	-69.200	894.961
300.000	528.500	-86.500	898.044
301.000	528.485	-110.600	901.008
302.000	528.470	-111.867	903.960
303.000	528.455	-115.167	907.047
304.000	528.440	-97.500	910.012
305.000	528.425	-96.733	912.967
306.000	528.410	-106.733	916.055
307.000	528.395	-117.800	919.020
308.000	528.380	-131.533	921.977
309.000	528.365	-108.167	924.933
310.000	528.350	-118.100	928.017
311.000	528.335	-110.867	930.983
312.000	528.320	-117.133	933.936
313.000	528.305	-122.133	937.025
314.000	528.290	-113.067	939.988
315.000	528.275	-117.600	942.941
316.000	528.260	-128.433	946.028
317.000	528.245	-116.333	948.992
318.000	528.230	-119.467	951.947
319.000	528.215	-116.500	955.034
320.000	528.200	-99.500	957.998
321.000	528.185	-85.233	960.955
322.000	528.170	-90.467	964.038
323.000	528.155	-96.400	967.005
324.000	528.140	-100.100	969.958
325.000	528.125	-102.600	973.047
326.000	528.110	-103.800	976.010
327.000	528.095	-93.833	978.964
328.000	528.080	-120.900	982.051
329.000	528.065	-96.000	985.016
330.000	528.050	-97.100	987.976
331.000	528.035	-90.233	990.934
332.000	528.020	-83.700	994.024
333.000	528.005	-104.833	996.990
334.000	527.990	-87.900	999.948
335.000	527.975	-76.367	1003.037
336.000	527.960	-80.900	1006.003
337.000	527.945	-97.500	1008.960
338.000	527.930	-96.667	1012.047
339.000	527.915	-73.400	1015.012
340.000	527.900	-60.500	1017.970
341.000	527.885	-59.200	1020.928
342.000	527.870	-61.433	1024.019
343.000	527.855	-66.600	1026.969
344.000	527.840	-91.300	1029.928
345.000	527.825	-102.433	1033.018
346.000	527.810	-82.633	1035.984
347.000	527.795	-66.333	1038.941
348.000	527.780	-70.967	1042.030
349.000	527.765	-61.267	1044.996
350.000	527.750	-64.500	1047.955
351.000	527.735	-83.100	1051.044
352.000	527.720	-66.900	1054.010
353.000	527.705	-106.500	1056.969
354.000	527.690	-100.233	1059.925
355.000	527.675	-97.400	1063.017
356.000	527.660	-103.800	1065.967
357.000	527.645	-109.733	1068.925
358.000	527.630	-94.500	1072.018
359.000	527.615	-100.267	1074.970
360.000	527.600	-98.067	1077.934
361.000	527.585	-114.467	1081.027
362.000	527.570	-100.267	1083.976
363.000	527.555	-62.733	1086.939
364.000	527.540	-56.133	1090.030
365.000	527.525	-80.967	1092.981
366.000	527.510	-96.300	1095.944
367.000	527.495	-131.500	1099.037
368.000	527.480	-134.567	1101.988
369.000	527.465	-142.100	1104.948
370.000	527.450	-128.833	1108.039
371.000	527.435	-118.333	1110.991
372.000	527.420	-112.467	1113.949
373.000	527.405	-105.833	1117.040
374.000	527.390	-98.000	1119.990
375.000	527.375	-105.833	1122.950
376.000	527.360	-92.300	1126.040
377.000	527.345	-87.333	1129.010
378.000	527.330	-88.300	1131.967
379.000	527.315	-95.000	1135.055
380.000	527.300	-103.200	1138.005
381.000	527.285	-85.200	1140.961
382.000	527.270	-96.967	1144.051
383.000	527.255	-95.667	1147.019
384.000	527.240	-86.000	1149.978
385.000	527.225	-91.767	1152.941
386.000	527.210	-89.667	1156.032
387.000	527.195	-102.300	1158.984
388.000	527.180	-96.933	1161.946
389.000	527.165	-91.567	1165.037
390.000	527.150	-86.900	1167.990
391.000	527.135	-90.767	1170.948
392.000	527.120	-74.067	1174.042
393.000	527.105	-82.100	1176.993
394.000	527.090	-82.233	1179.954
395.000	527.075	-89.000	1183.049
396.000	527.060	-75.667	1186.000
397.000	527.045	-92.233	1188.962
398.000	527.030	-87.533	1192.053
399.000	527.015	-106.633	1195.004
400.000	527.000	-104.267	1197.965
401.000	526.985	-89.567	1200.927
402.000	526.970	-92.100	1204.019
403.000	526.955	-84.533	1206.970
404.000	526.940	-85.267	1209.926
405.000	526.925	-102.233	1213.018
406.000	526.910	-110.533	1215.969
407.000	526.895	-101.467	1218.927
408.000	526.880	-102.433	1222.021
409.000	526.865	-95.867	1224.974
410.000	526.850	-84.833	1227.937
411.000	526.835	-89.100	1231.029
412.000	526.820	-74.467	1233.984
413.000	526.805	-68.300	1236.947
414.000	526.790	-81.100	1240.041
415.000	526.775	-96.633	1242.993
416.000	526.760	-112.033	1245.957
417.000	526.745	-123.333	1249.052
418.000	526.730	-119.533	1252.007
419.000	526.715	-118.000	1254.972
420.000	526.700	-100.267	1257.937
421.000	526.685	-89.600	1261.030
422.000	526.670	-78.300	1263.984
423.000	526.655	-65.667	1266.944
424.000	526.640	-73.067	1270.035
425.000	526.625	-64.900	1272.986
426.000	526.610	-74.667	1275.944
427.000	526.595	-94.233	1279.037
428.000	526.580	-78.000	1281.987
429.000	526.565	-92.500	1284.945
430.000	526.550	-63.233	1288.035
431.000	526.535	-80.767	1291.001
432.000	526.520	-82.467	1293.961
433.000	526.505	-116.400	1297.047
434.000	526.490	-122.133	1300.013
435.000	526.475	-120.067	1304.508
436.000	526.460	-94.133	1306.027
437.000	526.445	-93.467	1308.985
438.000	526.430	-86.833	1311.940
439.000	526.415	-84.933	1315.027
440.000	526.400	-104.933	1317.993
441.000	526.385	-70.400	1320.951
442.000	526.370	-61.800	1324.039
443.000	526.355	-67.667	1327.006
444.000	526.340	-57.633	1329.964
445.000	526.325	-70.967	1333.052
446.000	526.310	-72.233	1336.018
447.000	526.295	-91.233	1338.978
448.000	526.280	-106.567	1341.937
449.000	526.265	-105.900	1345.029
450.000	526.250	-97.900	1347.980
451.000	526.235	-90.367	1350.939
452.000	526.220	-98.000	1354.030
453.000	526.205	-124.367	1356.980
454.000	526.190	-117.300	1359.942
455.000	526.175	-109.600	1363.033
456.000	526.160	-154.867	1366.001
457.000	526.145	-144.833	1368.958
458.000	526.130	-136.233	1372.045
459.000	526.115	-123.367	1375.013
460.000	526.100	-91.367	1377.972
461.000	526.085	-95.667	1380.931
462.000	526.070	-93.433	1384.022
463.000	526.055	-99.067	1386.989
464.000	526.040	-85.067	1389.949
465.000	526.025	-73.500	1393.037
466.000	526.010	-71.500	1396.005
467.000	525.995	-67.267	1398.963
468.000	525.980	-49.167	1402.052
469.000	525.965	-56.933	1405.002
470.000	525.950	-76.267	1407.960
471.000	525.935	-71.767	1411.050
472.000	525.920	-81.367	1414.016
473.000	525.905	-85.367	1416.974
474.000	525.890	-87.400	1419.933
475.000	525.875	-102.933	1423.024
476.000	525.860	-97.867	1425.976
477.000	525.845	-88.867	1428.938
478.000	525.830	-91.067	1432.029
479.000	525.815	-92.067	1434.981
480.000	525.800	-105.233	1437.935
481.000	525.785	-111.433	1441.025
482.000	525.770	-95.667	1443.993
483.000	525.755	-101.633	1446.950
484.000	525.740	-85.467	1450.041
485.000	525.725	-85.267	1453.007
486.000	525.710	-91.933	1455.965
487.000	525.695	-102.200	1459.055
488.000	525.680	-97.233	1462.022
489.000	525.665	-89.067	1464.981
490.000	525.650	-100.800	1467.937
491.000	525.635	-99.000	1471.028
492.000	525.620	-86.700	1473.995
493.000	525.605	-76.800	1476.953
494.000	525.590	-71.100	1480.044
495.000	525.575	-83.233	1483.011
496.000	525.560	-94.233	1485.972
497.000	525.545	-105.800	1488.932
498.000	525.530	-112.067	1492.024
499.000	525.515	-94.833	1494.977
500.000	525.500	-90.600	1497.935
501.000	525.485	-91.767	1501.027
502.000	525.470	-91.933	1503.995
503.000	525.455	-87.367	1506.955
504.000	525.440	-80.667	1510.045
505.000	525.425	-79.700	1512.996
506.000	525.410	-71.600	1515.956
507.000	525.395	-94.033	1519.046
508.000	525.380	-74.833	1522.014
509.000	525.365	-68.167	1524.973
510.000	525.350	-81.967	1527.930
511.000	525.335	-69.133	1531.019
512.000	525.320	-48.633	1533.986
513.000	525.305	-46.100	1536.944
514.000	525.290	-74.567	1540.033
515.000	525.275	-89.033	1543.000
516.000	525.260	-88.967	1545.960
517.000	525.245	-89.467	1549.051
518.000	525.230	-111.233	1552.019
519.000	525.215	-76.767	1554.978
520.000	525.200	-86.767	1557.934
521.000	525.185	-85.633	1561.023
522.000	525.170	-108.300	1563.991
523.000	525.155	-94.567	1566.951
524.000	525.140	-91.533	1570.042
525.000	525.125	-85.833	1573.010
526.000	525.110	-103.833	1575.970
527.000	525.095	-78.033	1578.930
528.000	525.080	-84.233	1582.021
529.000	525.065	-105.100	1584.991
530.000	525.050	-106.200	1587.948
531.000	525.035	-109.300	1591.037
532.000	525.020	-116.367	1594.003
533.000	525.005	-107.033	1596.962
534.000	524.990	-114.400	1600.052
535.000	524.975	-98.333	1603.017
536.000	524.960	-119.300	1605.975
537.000	524.945	-111.400	1608.932
538.000	524.930	-139.200	1612.019
539.000	524.915	-115.800	1614.984
540.000	524.900	-107.133	1617.943
541.000	524.885	-122.867	1621.032
542.000	524.870	-111.833	1624.000
543.000	524.855	-112.133	1626.958
544.000	524.840	-118.500	1630.046
545.000	524.825	-95.333	1633.012
546.000	524.810	-100.000	1635.971
547.000	524.795	-104.400	1639.089
548.000	524.780	-87.000	1642.029
549.000	524.765	-84.767	1644.982
550.000	524.750	-80.200	1647.939
551.000	524.735	-72.767	1651.028
552.000	524.720	-90.833	1653.996
553.000	524.705	-96.600	1656.953
554.000	524.690	-96.300	1660.038
555.000	524.675	-108.733	1663.003
556.000	524.660	-126.067	1665.961
557.000	524.645	-120.967	1669.045
558.000	524.630	-117.867	1672.013
559.000	524.615	-106.567	1674.969
560.000	524.600	-104.867	1677.928
561.000	524.585	-89.800	1681.017
562.000	524.570	-66.567	1683.983
563.000	524.555	-63.200	1686.941
564.000	524.540	-79.500	1690.030
565.000	524.525	-66.600	1692.997
566.000	524.510	-81.700	1695.953
567.000	524.495	-85.600	1699.039
568.000	524.480	-71.600	1702.005
569.000	524.465	-78.500	1704.960
570.000	524.450	-78.033	1708.047
571.000	524.435	-80.700	1711.011
572.000	524.420	-84.400	1713.965
573.000	524.405	-93.833	1717.050
574.000	524.390	-98.933	1720.013
575.000	524.375	-91.200	1722.968
576.000	524.360	-76.833	1726.052
577.000	524.345	-98.733	1729.014
578.000	524.330	-118.500	1731.969
579.000	524.315	-105.733	1735.053
580.000	524.300	-109.900	1738.018
581.000	524.285	-111.667	1740.972
582.000	524.270	-88.867	1744.083
583.000	524.255	-108.933	1747.022
584.000	524.240	-81.800	1749.971
585.000	524.225	-103.167	1753.054
586.000	524.210	-92.633	1756.016
587.000	524.195	-95.667	1758.970
588.000	524.180	-101.533	1762.055
589.000	524.165	-108.933	1765.017
590.000	524.150	-84.267	1767.972
591.000	524.135	-106.633	1771.084
592.000	524.120	-90.133	1774.024
593.000	524.105	-102.667	1776.976
594.000	524.090	-110.433	1780.085
595.000	524.075	-101.300	1783.024
596.000	524.060	-101.267	1785.974
597.000	524.045	-113.500	1789.084
598.000	524.030	-96.567	1792.021
599.000	524.015	-89.467	1794.992
600.000	524.000	-85.400	1797.943
601.000	523.985	-82.200	1801.040
602.000	523.970	-76.367	1804.001
603.000	523.955	-94.900	1806.954
604.000	523.940	-88.433	1810.039
605.000	523.925	-71.500	1813.004
606.000	523.910	-79.967	1815.956
607.000	523.895	-82.033	1819.039
608.000	523.880	-67.433	1821.999
609.000	523.865	-68.733	1824.951
610.000	523.850	-94.433	1828.034
611.000	523.835	-107.933	1830.995
612.000	523.820	-115.200	1833.948
613.000	523.805	-113.600	1837.030
614.000	523.790	-90.167	1839.991
615.000	523.775	-77.233	1842.945
616.000	523.760	-94.533	1846.028
617.000	523.745	-93.467	1848.990
618.000	523.730	-84.500	1851.940
619.000	523.715	-82.733	1855.022
620.000	523.700	-82.167	1857.986
621.000	523.685	-86.300	1860.937
622.000	523.670	-95.633	1864.021
623.000	523.655	-94.167	1866.981
624.000	523.640	-91.333	1869.932
625.000	523.625	-94.367	1873.014
626.000	523.610	-105.967	1875.975
627.000	523.595	-96.200	1878.929
628.000	523.580	-86.900	1882.012
629.000	523.565	-72.700	1884.974
630.000	523.550	-67.133	1887.927
631.000	523.535	-56.400	1891.009
632.000	523.520	-60.300	1893.969
633.000	523.505	-62.333	1897.052
634.000	523.490	-63.467	1900.014
635.000	523.475	-83.300	1902.969
636.000	523.460	-100.300	1906.052
637.000	523.445	-98.767	1909.014
638.000	523.430	-103.333	1911.966
639.000	523.415	-122.900	1915.049
640.000	523.400	-115.133	1918.013
641.000	523.385	-114.033	1920.965
642.000	523.370	-99.200	1924.050
643.000	523.355	-90.333	1927.011
644.000	523.340	-86.467	1929.966
645.000	523.325	-101.033	1933.051
646.000	523.310	-110.467	1936.011
647.000	523.295	-112.733	1938.963
648.000	523.280	-105.600	1942.048
649.000	523.265	-100.233	1945.012
650.000	523.250	-92.467	1947.966
651.000	523.235	-88.000	1951.049
652.000	523.220	-97.800	1954.013
653.000	523.205	-107.333	1956.963
654.000	523.190	-111.567	1960.047
655.000	523.175	-97.300	1963.010
656.000	523.160	-88.867	1965.961
657.000	523.145	-71.200	1969.047
658.000	523.130	-74.200	1972.007
659.000	523.115	-86.333	1974.964
660.000	523.100	-68.533	1978.050
661.000	523.085	-96.400	1981.014
662.000	523.070	-72.267	1983.971
663.000	523.055	-81.833	1986.928
664.000	523.040	-86.567	1990.017
665.000	523.025	-93.967	1992.982
666.000	523.010	-78.567	1995.937
667.000	522.995	-93.200	1999.024
668.000	522.980	-94.000	2001.990
669.000	522.965	-94.733	2004.947
670.000	522.950	-91.133	2008.033
671.000	522.935	-98.433	2011.001
672.000	522.920	-89.500	2013.958
673.000	522.905	-86.200	2017.046
674.000	522.890	-82.967	2020.013
675.000	522.875	-109.000	2022.971
676.000	522.860	-103.300	2025.928
677.000	522.845	-82.700	2029.018
678.000	522.830	-90.433	2031.984
679.000	522.815	-104.367	2034.942
680.000	522.800	-119.433	2038.032
681.000	522.785	-138.300	2041.000
682.000	522.770	-117.533	2043.958
683.000	522.755	-132.300	2047.045
684.000	522.740	-111.367	2050.012
685.000	522.725	-127.733	2052.967
686.000	522.710	-126.300	2056.055
687.000	522.695	-116.933	2059.019
688.000	522.680	-114.333	2061.972
689.000	522.665	-136.467	2064.928
690.000	522.650	-117.000	2068.013
691.000	522.635	-113.200	2070.978
692.000	522.620	-95.067	2073.932
693.000	522.605	-74.533	2077.016
694.000	522.590	-80.733	2079.981
695.000	522.575	-64.733	2082.934
696.000	522.560	-71.933	2086.020
697.000	522.545	-66.633	2088.983
698.000	522.530	-86.333	2091.938
699.000	522.515	-84.533	2095.024
700.000	522.500	-80.933	2097.985
701.000	522.485	-104.733	2100.939
702.000	522.470	-92.000	2104.023
703.000	522.455	-113.500	2106.987
704.000	522.440	-89.000	2109.943
705.000	522.425	-95.267	2113.027
706.000	522.410	-92.833	2115.991
707.000	522.395	-87.767	2118.944
708.000	522.380	-97.667	2122.025
709.000	522.365	-111.433	2124.988
710.000	522.350	-111.100	2127.942
711.000	522.335	-109.300	2131.029
712.000	522.320	-98.833	2133.992
713.000	522.305	-77.800	2136.948
714.000	522.290	-84.500	2140.033
715.000	522.275	-98.167	2142.996
716.000	522.260	-82.733	2145.948
717.000	522.245	-89.367	2149.032
718.000	522.230	-85.033	2151.993
719.000	522.215	-108.767	2154.947
720.000	522.200	-102.267	2158.031
721.000	522.185	-110.267	2160.995
722.000	522.170	-118.233	2163.948
723.000	522.155	-116.667	2167.034
724.000	522.140	-113.933	2169.997
725.000	522.125	-122.367	2172.951
726.000	522.110	-140.800	2176.038
727.000	522.095	-146.100	2179.000
728.000	522.080	-148.967	2181.955
729.000	522.065	-119.067	2185.038
730.000	522.050	-139.200	2188.001
731.000	522.035	-122.833	2190.958
732.000	522.020	-95.933	2194.042
733.000	522.005	-100.600	2197.008
734.000	521.990	-121.533	2199.961
735.000	521.975	-88.267	2203.043
736.000	521.960	-78.400	2206.005
737.000	521.945	-82.500	2208.956
738.000	521.930	-75.233	2212.043
739.000	521.915	-64.300	2215.006
740.000	521.900	-97.167	2217.960
741.000	521.885	-97.233	2221.048
742.000	521.870	-84.200	2224.011
743.000	521.855	-88.100	2226.966
744.000	521.840	-115.900	2230.051
745.000	521.825	-99.533	2233.014
746.000	521.810	-100.333	2235.966
747.000	521.795	-104.033	2239.051
748.000	521.780	-119.633	2242.015
749.000	521.765	-106.867	2244.970
750.000	521.750	-139.200	2248.085
751.000	521.735	-118.800	2251.025
752.000	521.720	-108.967	2253.977
753.000	521.705	-124.700	2256.933
754.000	521.690	-94.933	2260.019
755.000	521.675	-103.100	2262.982
756.000	521.660	-113.700	2265.939
757.000	521.645	-108.767	2269.023
758.000	521.630	-109.767	2271.987
759.000	521.615	-121.933	2274.943
760.000	521.600	-116.100	2278.027
761.000	521.585	-96.200	2280.993
762.000	521.570	-113.700	2283.949
763.000	521.555	-123.867	2287.035
764.000	521.540	-124.467	2289.998
765.000	521.525	-130.067	2292.951
766.000	521.510	-124.900	2296.038
767.000	521.495	-157.833	2299.000
768.000	521.480	-137.100	2301.957
769.000	521.465	-120.833	2305.042
770.000	521.450	-126.300	2308.005
771.000	521.435	-115.800	2310.958
772.000	521.420	-94.567	2314.042
773.000	521.405	-86.933	2317.005
774.000	521.390	-81.867	2319.960
775.000	521.375	-102.433	2323.045
776.000	521.360	-100.733	2326.010
777.000	521.345	-93.833	2328.965
778.000	521.330	-90.067	2332.052
779.000	521.315	-104.533	2335.017
780.000	521.300	-97.933	2337.973
781.000	521.285	-99.167	2340.929
782.000	521.270	-100.333	2344.015
783.000	521.255	-96.367	2346.981
784.000	521.240	-100.233	2349.937
785.000	521.225	-92.000	2353.025
786.000	521.210	-85.333	2355.991
787.000	521.195	-94.133	2358.943
788.000	521.180	-82.533	2362.029
789.000	521.165	-89.667	2364.991
790.000	521.150	-91.767	2367.945
791.000	521.135	-115.933	2371.031
792.000	521.120	-105.900	2373.994
793.000	521.105	-99.833	2376.951
794.000	521.090	-107.633	2380.035
795.000	521.075	-119.700	2383.001
796.000	521.060	-97.467	2385.956
797.000	521.045	-106.867	2389.042
798.000	521.030	-110.000	2392.007
799.000	521.015	-97.200	2394.960
800.000	521.000	-88.267	2398.048
801.000	520.985	-88.200	2401.014
802.000	520.970	-105.800	2403.969
803.000	520.955	-130.900	2406.929
804.000	520.940	-120.800	2410.014
805.000	520.925	-101.433	2412.979
806.000	520.910	-103.900	2415.933
807.000	520.895	-104.867	2419.017
808.000	520.880	-86.167	2421.984
809.000	520.865	-94.733	2424.943
810.000	520.850	-99.467	2428.034
811.000	520.835	-80.033	2431.002
812.000	520.820	-53.500	2433.960
813.000	520.805	-49.333	2437.049
814.000	520.790	-70.333	2439.999
815.000	520.775	-83.367	2442.958
816.000	520.760	-99.333	2446.047
817.000	520.745	-109.767	2448.998
818.000	520.730	-108.200	2451.961
819.000	520.715	-109.133	2455.054
820.000	520.700	-93.533	2458.011
821.000	520.685	-90.733	2460.973
822.000	520.670	-96.900	2463.936
823.000	520.655	-122.067	2467.030
824.000	520.640	-106.867	2469.980
825.000	520.625	-89.600	2472.944
826.000	520.610	-92.667	2476.036
827.000	520.595	-96.333	2478.990
828.000	520.580	-93.767	2481.952
829.000	520.565	-96.067	2485.044
830.000	520.550	-73.067	2487.996
831.000	520.535	-99.167	2490.958
832.000	520.520	-92.800	2494.053
833.000	520.505	-93.200	2497.005
834.000	520.490	-94.267	2499.966
835.000	520.475	-96.667	2502.927
836.000	520.460	-94.233	2506.108
837.000	520.445	-101.733	2508.938
838.000	520.430	-83.200	2512.020
839.000	520.415	-92.333	2514.969
840.000	520.400	-113.633	2517.929
841.000	520.385	-116.700	2521.021
842.000	520.370	-114.700	2523.972
843.000	520.355	-108.267	2526.935
844.000	520.340	-88.567	2530.028
845.000	520.325	-85.033	2532.978
846.000	520.310	-88.333	2535.938
847.000	520.295	-92.333	2539.028
848.000	520.280	-82.267	2541.995
849.000	520.265	-73.100	2544.954
850.000	520.250	-97.567	2548.044
851.000	520.235	-107.867	2551.012
852.000	520.220	-107.167	2553.972
853.000	520.205	-93.600	2556.928
854.000	520.190	-102.467	2560.016
855.000	520.175	-105.967	2562.985
856.000	520.160	-100.533	2565.941
857.000	520.145	-124.433	2569.030
858.000	520.130	-104.733	2571.997
859.000	520.115	-107.267	2574.957
860.000	520.100	-97.267	2578.050
861.000	520.085	-111.867	2581.001
862.000	520.070	-106.833	2583.962
863.000	520.055	-122.167	2587.054
864.000	520.040	-115.100	2590.004
865.000	520.025	-106.900	2592.963
866.000	520.010	-101.600	2596.049
867.000	519.995	-114.067	2599.015
868.000	519.980	0.000	2601.971
