0.000000	19.759000	144.089845	0.000302
1.000000	19.761000	144.118951	0.000253
2.000000	19.763000	144.148061	0.000595
3.000000	19.765000	144.177173	0.000155
4.000000	19.767000	144.206288	-0.000089
5.000000	19.769000	144.235406	0.000790
6.000000	19.771000	144.264528	0.000131
7.000000	19.773000	144.293652	0.000155
8.000000	19.775000	144.322779	0.000375
9.000000	19.777000	144.351908	0.000155
10.000000	19.779000	144.381041	0.000399
11.000000	19.781000	144.410177	0.000228
12.000000	19.783000	144.439316	0.000033
13.000000	19.785000	144.468458	0.000058
14.000000	19.787000	144.497602	0.000082
15.000000	19.789000	144.526750	0.000399
16.000000	19.791000	144.555900	0.000424
17.000000	19.793000	144.585054	0.000741
18.000000	19.795000	144.614210	0.000058
19.000000	19.797000	144.643369	0.000302
20.000000	19.799000	144.672532	0.000399
21.000000	19.801000	144.701697	-0.000504
22.000000	19.803000	144.730865	-0.000309
23.000000	19.805000	144.760036	0.000668
24.000000	19.807000	144.789210	-0.000089
25.000000	19.809000	144.818387	-0.000187
26.000000	19.811000	144.847567	0.000009
27.000000	19.813000	144.876750	-0.000650
28.000000	19.815000	144.905935	0.000302
29.000000	19.817000	144.935124	0.000131
30.000000	19.819000	144.964316	0.000082
31.000000	19.821000	144.993510	0.000228
32.000000	19.823000	145.022708	0.000204
33.000000	19.825000	145.051908	-0.000162
34.000000	19.827000	145.081112	-0.000113
35.000000	19.829000	145.110318	0.000253
36.000000	19.831000	145.139527	-0.000187
37.000000	19.833000	145.168739	0.000009
38.000000	19.835000	145.197955	-0.000480
39.000000	19.837000	145.227173	0.000253
40.000000	19.839000	145.256394	0.000351
41.000000	19.841000	145.285618	-0.000016
42.000000	19.843000	145.314845	0.000448
43.000000	19.845000	145.344075	0.000253
44.000000	19.847000	145.373307	0.000375
45.000000	19.849000	145.402543	0.000668
46.000000	19.851000	145.431782	-0.000089
47.000000	19.853000	145.461023	0.000375
48.000000	19.855000	145.490268	0.000521
49.000000	19.857000	145.519515	0.000009
50.000000	19.859000	145.548766	0.000692
51.000000	19.861000	145.578019	0.000546
52.000000	19.863000	145.607275	0.000106
53.000000	19.865000	145.636535	0.000473
54.000000	19.867000	145.665797	0.000253
55.000000	19.869000	145.695062	0.000058
56.000000	19.871000	145.724330	0.000326
57.000000	19.873000	145.753601	-0.000284
58.000000	19.875000	145.782875	-0.000064
59.000000	19.877000	145.812152	0.000082
60.000000	19.879000	145.841432	0.000009
61.000000	19.881000	145.870715	-0.000138
62.000000	19.883000	145.900000	-0.000211
63.000000	19.885000	145.929289	0.000473
64.000000	19.887000	145.958580	0.000277
65.000000	19.889000	145.987875	-0.000626
66.000000	19.891000	146.017172	-0.000675
67.000000	19.893000	146.046473	-0.000235
68.000000	19.895000	146.075776	-0.000846
69.000000	19.897000	146.105083	-0.000040
70.000000	19.899000	146.134392	0.000399
71.000000	19.901000	146.163704	0.000058
72.000000	19.903000	146.193019	0.000155
73.000000	19.905000	146.222337	0.000204
74.000000	19.907000	146.251658	-0.000113
75.000000	19.909000	146.280982	0.000131
76.000000	19.911000	146.310309	0.000009
77.000000	19.913000	146.339638	0.000351
78.000000	19.915000	146.368971	0.000253
79.000000	19.917000	146.398307	0.000009
80.000000	19.919000	146.427646	0.000619
81.000000	19.921000	146.456987	0.000692
82.000000	19.923000	146.486332	0.000521
83.000000	19.925000	146.515679	0.000302
84.000000	19.927000	146.545029	0.000717
85.000000	19.929000	146.574383	0.000253
86.000000	19.931000	146.603739	0.000058
87.000000	19.933000	146.633098	0.000570
88.000000	19.935000	146.662460	0.000497
89.000000	19.937000	146.691825	0.000131
90.000000	19.939000	146.721193	0.000351
91.000000	19.941000	146.750564	0.000204
92.000000	19.943000	146.779938	0.000326
93.000000	19.945000	146.809315	0.000790
94.000000	19.947000	146.838695	0.000692
95.000000	19.949000	146.868077	0.000399
96.000000	19.951000	146.897463	0.000399
97.000000	19.953000	146.926852	-0.000455
98.000000	19.955000	146.956243	0.000131
99.000000	19.957000	146.985638	0.000180
100.000000	19.959000	147.015035	-0.000016
101.000000	19.961000	147.044436	0.000692
102.000000	19.963000	147.073839	-0.000089
103.000000	19.965000	147.103245	0.000375
104.000000	19.967000	147.132654	0.000082
105.000000	19.969000	147.162066	-0.000480
106.000000	19.971000	147.191481	0.000155
107.000000	19.973000	147.220899	0.000644
108.000000	19.975000	147.250320	0.000058
109.000000	19.977000	147.279744	0.000082
110.000000	19.979000	147.309171	0.000058
111.000000	19.981000	147.338601	-0.000187
112.000000	19.983000	147.368033	-0.000455
113.000000	19.985000	147.397469	0.000375
114.000000	19.987000	147.426907	-0.000260
115.000000	19.989000	147.456349	0.000253
116.000000	19.991000	147.485793	0.000082
117.000000	19.993000	147.515241	0.000009
118.000000	19.995000	147.544691	-0.000211
119.000000	19.997000	147.574144	0.000155
120.000000	19.999000	147.603600	0.000644
121.000000	20.001000	147.633060	-0.000235
122.000000	20.003000	147.662522	0.000375
123.000000	20.005000	147.691987	0.000009
124.000000	20.007000	147.721455	-0.000211
125.000000	20.009000	147.750926	0.000375
126.000000	20.011000	147.780399	0.000546
127.000000	20.013000	147.809876	0.000497
128.000000	20.015000	147.839356	0.000375
129.000000	20.017000	147.868839	0.000570
130.000000	20.019000	147.898324	0.000448
131.000000	20.021000	147.927813	-0.000064
132.000000	20.023000	147.957304	-0.000357
133.000000	20.025000	147.986798	-0.000553
134.000000	20.027000	148.016296	-0.000504
135.000000	20.029000	148.045796	-0.000333
136.000000	20.031000	148.075299	-0.000162
137.000000	20.033000	148.104806	-0.000504
138.000000	20.035000	148.134315	-0.000113
139.000000	20.037000	148.163827	0.000375
140.000000	20.039000	148.193342	-0.000016
141.000000	20.041000	148.222860	-0.000187
142.000000	20.043000	148.252380	-0.000113
143.000000	20.045000	148.281904	0.000155
144.000000	20.047000	148.311431	-0.000235
145.000000	20.049000	148.340961	-0.000357
146.000000	20.051000	148.370493	-0.000162
147.000000	20.053000	148.400029	0.000033
148.000000	20.055000	148.429567	-0.000089
149.000000	20.057000	148.459109	0.000375
150.000000	20.059000	148.488653	-0.000064
151.000000	20.061000	148.518201	-0.000089
152.000000	20.063000	148.547751	0.000204
153.000000	20.065000	148.577304	-0.000528
154.000000	20.067000	148.606860	-0.000113
155.000000	20.069000	148.636419	0.000228
156.000000	20.071000	148.665981	0.000204
157.000000	20.073000	148.695546	-0.000211
158.000000	20.075000	148.725114	0.000082
159.000000	20.077000	148.754685	-0.000260
160.000000	20.079000	148.784259	-0.000162
161.000000	20.081000	148.813835	0.000082
162.000000	20.083000	148.843415	-0.000235
163.000000	20.085000	148.872998	0.000228
164.000000	20.087000	148.902583	0.000033
165.000000	20.089000	148.932172	0.000326
166.000000	20.091000	148.961763	0.000180
167.000000	20.093000	148.991358	-0.000309
168.000000	20.095000	149.020955	0.000326
169.000000	20.097000	149.050555	-0.000309
170.000000	20.099000	149.080158	0.000131
171.000000	20.101000	149.109764	0.000155
172.000000	20.103000	149.139373	0.000253
173.000000	20.105000	149.168985	-0.000455
174.000000	20.107000	149.198600	-0.000211
175.000000	20.109000	149.228218	0.000009
176.000000	20.111000	149.257839	-0.000016
177.000000	20.113000	149.287463	0.000277
178.000000	20.115000	149.317089	0.000204
179.000000	20.117000	149.346719	0.000033
180.000000	20.119000	149.376352	0.000326
181.000000	20.121000	149.405987	-0.000138
182.000000	20.123000	149.435625	0.000204
183.000000	20.125000	149.465267	0.000009
184.000000	20.127000	149.494911	-0.000504
185.000000	20.129000	149.524558	0.000106
186.000000	20.131000	149.554209	-0.000480
187.000000	20.133000	149.583862	-0.000357
188.000000	20.135000	149.613518	0.000375
189.000000	20.137000	149.643177	-0.000357
190.000000	20.139000	149.672839	-0.000699
191.000000	20.141000	149.702504	-0.000284
192.000000	20.143000	149.732171	-0.000772
193.000000	20.145000	149.761842	-0.000260
194.000000	20.147000	149.791516	-0.001041
195.000000	20.149000	149.821193	-0.002384
196.000000	20.151000	149.850872	-0.002457
197.000000	20.153000	149.880555	-0.002091
198.000000	20.155000	149.910240	-0.003629
199.000000	20.157000	149.939929	-0.004264
200.000000	20.159000	149.969620	-0.002970
201.000000	20.161000	149.999314	-0.003067
202.000000	20.163000	150.029012	-0.002335
203.000000	20.165000	150.058711	-0.000992
204.000000	20.167000	150.088415	-0.002213
205.000000	20.169000	150.118121	0.001107
206.000000	20.171000	150.147830	-0.000284
207.000000	20.173000	150.177542	-0.000626
208.000000	20.175000	150.207257	0.000790
209.000000	20.177000	150.236975	-0.000431
210.000000	20.179000	150.266695	0.000277
211.000000	20.181000	150.296419	0.000009
212.000000	20.183000	150.326145	0.000131
213.000000	20.185000	150.355875	-0.000040
214.000000	20.187000	150.385608	0.000009
215.000000	20.189000	150.415343	0.000033
216.000000	20.191000	150.445082	-0.000480
217.000000	20.193000	150.474822	-0.000162
218.000000	20.195000	150.504567	-0.000357
219.000000	20.197000	150.534314	-0.000211
220.000000	20.199000	150.564064	-0.000357
221.000000	20.201000	150.593817	0.000228
222.000000	20.203000	150.623574	0.000009
223.000000	20.205000	150.653333	-0.000577
224.000000	20.207000	150.683094	-0.001041
225.000000	20.209000	150.712859	-0.001090
226.000000	20.211000	150.742627	-0.002481
227.000000	20.213000	150.772398	-0.003141
228.000000	20.215000	150.802171	-0.004264
229.000000	20.217000	150.831948	-0.005313
230.000000	20.219000	150.861728	-0.004093
231.000000	20.221000	150.891510	-0.006559
232.000000	20.223000	150.921295	-0.007193
233.000000	20.225000	150.951084	-0.007828
234.000000	20.227000	150.980875	-0.009317
235.000000	20.229000	151.010669	-0.005826
236.000000	20.231000	151.040466	-0.007926
237.000000	20.233000	151.070267	-0.004752
238.000000	20.235000	151.100070	-0.002042
239.000000	20.237000	151.129875	-0.003092
240.000000	20.239000	151.159684	-0.002457
241.000000	20.241000	151.189496	-0.003214
242.000000	20.243000	151.219311	-0.001139
243.000000	20.245000	151.249129	0.000180
244.000000	20.247000	151.278950	-0.000382
245.000000	20.249000	151.308773	-0.000577
246.000000	20.251000	151.338600	0.000546
247.000000	20.253000	151.368429	-0.001505
248.000000	20.255000	151.398262	-0.000724
249.000000	20.257000	151.428097	-0.000870
250.000000	20.259000	151.457935	-0.000357
251.000000	20.261000	151.487777	-0.000455
252.000000	20.263000	151.517621	-0.000968
253.000000	20.265000	151.547468	-0.000943
254.000000	20.267000	151.577318	-0.001310
255.000000	20.269000	151.607172	-0.001749
256.000000	20.271000	151.637027	-0.001993
257.000000	20.273000	151.666886	-0.003824
258.000000	20.275000	151.696748	-0.005875
259.000000	20.277000	151.726612	-0.007315
260.000000	20.279000	151.756481	-0.011881
261.000000	20.281000	151.786351	-0.022623
262.000000	20.283000	151.816225	-0.034195
263.000000	20.285000	151.846101	-0.050309
264.000000	20.287000	151.875980	-0.072037
265.000000	20.289000	151.905863	-0.099015
266.000000	20.291000	151.935748	-0.113712
267.000000	20.293000	151.965637	-0.111295
268.000000	20.295000	151.995528	-0.096012
269.000000	20.297000	152.025422	-0.078678
270.000000	20.299000	152.055319	-0.056290
271.000000	20.301000	152.085219	-0.032193
272.000000	20.303000	152.115122	-0.017032
273.000000	20.305000	152.145028	-0.007950
274.000000	20.307000	152.174937	-0.004215
275.000000	20.309000	152.204849	-0.001773
276.000000	20.311000	152.234764	0.001303
277.000000	20.313000	152.264681	0.001864
278.000000	20.315000	152.294602	-0.000772
279.000000	20.317000	152.324526	0.000009
280.000000	20.319000	152.354452	-0.001407
281.000000	20.321000	152.384382	0.000717
282.000000	20.323000	152.414314	0.001107
283.000000	20.325000	152.444250	-0.000650
284.000000	20.327000	152.474187	0.000033
285.000000	20.329000	152.504128	-0.001700
286.000000	20.331000	152.534073	-0.001041
287.000000	20.333000	152.564020	-0.002335
288.000000	20.335000	152.593970	-0.005216
289.000000	20.337000	152.623923	-0.004093
290.000000	20.339000	152.653879	-0.005045
291.000000	20.341000	152.683838	-0.010050
292.000000	20.343000	152.713799	-0.012345
293.000000	20.345000	152.743764	-0.021720
294.000000	20.347000	152.773732	-0.034928
295.000000	20.349000	152.803703	-0.054776
296.000000	20.351000	152.833676	-0.096720
297.000000	20.353000	152.863653	-0.155753
298.000000	20.355000	152.893632	-0.221842
299.000000	20.357000	152.923614	-0.289469
300.000000	20.359000	152.953600	-0.353971
301.000000	20.361000	152.983587	-0.372306
302.000000	20.363000	153.013579	-0.347110
303.000000	20.365000	153.043573	-0.321451
304.000000	20.367000	153.073570	-0.239762
305.000000	20.369000	153.103570	-0.168131
306.000000	20.371000	153.133573	-0.105802
307.000000	20.373000	153.163579	-0.059879
308.000000	20.375000	153.193587	-0.022477
309.000000	20.377000	153.223600	-0.008438
310.000000	20.379000	153.253614	0.002084
311.000000	20.381000	153.283632	0.000326
312.000000	20.383000	153.313652	0.000497
313.000000	20.385000	153.343675	-0.004996
314.000000	20.387000	153.373702	-0.003849
315.000000	20.389000	153.403731	-0.002774
316.000000	20.391000	153.433764	-0.004508
317.000000	20.393000	153.463799	-0.001163
318.000000	20.395000	153.493838	-0.003849
319.000000	20.397000	153.523879	-0.003116
320.000000	20.399000	153.553923	-0.005729
321.000000	20.401000	153.583970	-0.008146
322.000000	20.403000	153.614019	-0.012223
323.000000	20.405000	153.644073	-0.016690
324.000000	20.407000	153.674128	-0.027604
325.000000	20.409000	153.704188	-0.032340
326.000000	20.411000	153.734249	-0.053409
327.000000	20.413000	153.764314	-0.065128
328.000000	20.415000	153.794381	-0.097477
329.000000	20.417000	153.824452	-0.149015
330.000000	20.419000	153.854526	-0.223746
331.000000	20.421000	153.884602	-0.355069
332.000000	20.423000	153.914681	-0.523551
333.000000	20.425000	153.944763	-0.725724
334.000000	20.427000	153.974849	-0.867789
335.000000	20.429000	154.004937	-0.909928
336.000000	20.431000	154.035028	-0.809000
337.000000	20.433000	154.065122	-0.609293
338.000000	20.435000	154.095219	-0.416324
339.000000	20.437000	154.125319	-0.250309
340.000000	20.439000	154.155422	-0.116446
341.000000	20.441000	154.185528	-0.067862
342.000000	20.443000	154.215637	-0.019132
343.000000	20.445000	154.245748	-0.006339
344.000000	20.447000	154.275863	0.002084
345.000000	20.449000	154.305980	0.003280
346.000000	20.451000	154.336101	-0.000846
347.000000	20.453000	154.366224	-0.006412
348.000000	20.455000	154.396351	-0.000260
349.000000	20.457000	154.426480	0.002353
350.000000	20.459000	154.456612	0.011093
351.000000	20.461000	154.486748	0.010458
352.000000	20.463000	154.516885	0.010922
353.000000	20.465000	154.547027	0.010067
354.000000	20.467000	154.577171	0.006894
355.000000	20.469000	154.607318	0.005014
356.000000	20.471000	154.637468	0.005673
357.000000	20.473000	154.667620	0.002011
358.000000	20.475000	154.697777	0.001229
359.000000	20.477000	154.727935	-0.004776
360.000000	20.479000	154.758097	-0.005509
361.000000	20.481000	154.788261	-0.008609
362.000000	20.483000	154.818429	-0.018766
363.000000	20.485000	154.848599	-0.021207
364.000000	20.487000	154.878772	-0.037882
365.000000	20.489000	154.908949	-0.055655
366.000000	20.491000	154.939128	-0.081827
367.000000	20.493000	154.969311	-0.105216
368.000000	20.495000	154.999496	-0.115055
369.000000	20.497000	155.029684	-0.112955
370.000000	20.499000	155.059875	-0.081559
371.000000	20.501000	155.090069	-0.052335
372.000000	20.503000	155.120266	-0.035416
373.000000	20.505000	155.150466	-0.019156
374.000000	20.507000	155.180669	-0.008219
375.000000	20.509000	155.210874	-0.005484
376.000000	20.511000	155.241084	-0.001822
377.000000	20.513000	155.271295	0.001474
378.000000	20.515000	155.301509	-0.001163
379.000000	20.517000	155.331727	-0.000675
380.000000	20.519000	155.361947	-0.002530
381.000000	20.521000	155.392171	-0.002189
382.000000	20.523000	155.422397	-0.001627
383.000000	20.525000	155.452627	-0.000577
384.000000	20.527000	155.482859	0.000058
385.000000	20.529000	155.513093	0.000228
386.000000	20.531000	155.543332	-0.000528
387.000000	20.533000	155.573573	0.000131
388.000000	20.535000	155.603817	0.000033
389.000000	20.537000	155.634064	-0.001822
390.000000	20.539000	155.664314	-0.000675
391.000000	20.541000	155.694566	-0.000846
392.000000	20.543000	155.724822	-0.000064
393.000000	20.545000	155.755081	-0.002018
394.000000	20.547000	155.785342	-0.000992
395.000000	20.549000	155.815607	-0.002530
396.000000	20.551000	155.845874	-0.003409
397.000000	20.553000	155.876145	-0.003653
398.000000	20.555000	155.906418	-0.006754
399.000000	20.557000	155.936694	-0.006241
400.000000	20.559000	155.966974	-0.008438
401.000000	20.561000	155.997256	-0.009317
402.000000	20.563000	156.027541	-0.009684
403.000000	20.565000	156.057829	-0.007096
404.000000	20.567000	156.088121	-0.006925
405.000000	20.569000	156.118414	-0.004313
406.000000	20.571000	156.148711	-0.002848
407.000000	20.573000	156.179011	-0.000235
408.000000	20.575000	156.209313	-0.000821
409.000000	20.577000	156.239620	-0.000895
410.000000	20.579000	156.269928	-0.000382
411.000000	20.581000	156.300240	-0.000113
412.000000	20.583000	156.330554	-0.001456
413.000000	20.585000	156.360871	-0.000943
414.000000	20.587000	156.391192	-0.000284
415.000000	20.589000	156.421515	-0.001017
416.000000	20.591000	156.451842	-0.000724
417.000000	20.593000	156.482171	-0.000699
418.000000	20.595000	156.512503	-0.001627
419.000000	20.597000	156.542838	-0.000431
420.000000	20.599000	156.573176	0.000009
421.000000	20.601000	156.603517	-0.000528
422.000000	20.603000	156.633861	-0.001139
423.000000	20.605000	156.664208	-0.000797
424.000000	20.607000	156.694557	-0.001773
425.000000	20.609000	156.724911	-0.001261
426.000000	20.611000	156.755266	-0.001090
427.000000	20.613000	156.785624	-0.001163
428.000000	20.615000	156.815986	-0.001822
429.000000	20.617000	156.846350	-0.001480
430.000000	20.619000	156.876718	-0.000992
431.000000	20.621000	156.907088	-0.002189
432.000000	20.623000	156.937462	-0.002042
433.000000	20.625000	156.967838	-0.002506
434.000000	20.627000	156.998217	-0.002311
435.000000	20.629000	157.028599	-0.002164
436.000000	20.631000	157.058984	-0.002311
437.000000	20.633000	157.089373	-0.002530
438.000000	20.635000	157.119763	-0.002042
439.000000	20.637000	157.150158	-0.002921
440.000000	20.639000	157.180554	-0.002481
441.000000	20.641000	157.210953	-0.001944
442.000000	20.643000	157.241357	-0.002189
443.000000	20.645000	157.271762	-0.001407
444.000000	20.647000	157.302171	-0.002726
445.000000	20.649000	157.332582	-0.002799
446.000000	20.651000	157.362997	-0.003141
447.000000	20.653000	157.393414	-0.002457
448.000000	20.655000	157.423834	-0.002530
449.000000	20.657000	157.454258	-0.001822
450.000000	20.659000	157.484684	-0.002530
451.000000	20.661000	157.515113	-0.002140
452.000000	20.663000	157.545545	-0.002213
453.000000	20.665000	157.575981	-0.002262
454.000000	20.667000	157.606418	-0.002262
455.000000	20.669000	157.636860	-0.002359
456.000000	20.671000	157.667303	-0.001749
457.000000	20.673000	157.697750	-0.002506
458.000000	20.675000	157.728200	-0.001920
459.000000	20.677000	157.758652	-0.002530
460.000000	20.679000	157.789108	-0.002066
461.000000	20.681000	157.819566	-0.001871
462.000000	20.683000	157.850028	-0.003092
463.000000	20.685000	157.880492	-0.002579
464.000000	20.687000	157.910959	-0.001700
465.000000	20.689000	157.941430	-0.002213
466.000000	20.691000	157.971903	-0.001920
467.000000	20.693000	158.002380	-0.002335
468.000000	20.695000	158.032859	-0.001847
469.000000	20.697000	158.063341	-0.001383
470.000000	20.699000	158.093826	-0.002677
471.000000	20.701000	158.124313	-0.002408
472.000000	20.703000	158.154805	-0.001163
473.000000	20.705000	158.185298	-0.002018
474.000000	20.707000	158.215795	-0.002164
475.000000	20.709000	158.246295	-0.001822
476.000000	20.711000	158.276798	-0.001627
477.000000	20.713000	158.307303	-0.002286
478.000000	20.715000	158.337811	-0.001529
479.000000	20.717000	158.368323	-0.001212
480.000000	20.719000	158.398837	-0.001310
481.000000	20.721000	158.429355	-0.000919
482.000000	20.723000	158.459875	-0.001505
483.000000	20.725000	158.490399	-0.002311
484.000000	20.727000	158.520925	-0.000968
485.000000	20.729000	158.551453	-0.000821
486.000000	20.731000	158.581986	-0.001822
487.000000	20.733000	158.612520	-0.000821
488.000000	20.735000	158.643059	-0.002115
489.000000	20.737000	158.673599	-0.000870
490.000000	20.739000	158.704144	-0.001358
491.000000	20.741000	158.734690	-0.000357
492.000000	20.743000	158.765239	-0.000846
493.000000	20.745000	158.795792	-0.001285
494.000000	20.747000	158.826348	-0.001847
495.000000	20.749000	158.856907	-0.002311
496.000000	20.751000	158.887468	-0.000724
497.000000	20.753000	158.918033	-0.001310
498.000000	20.755000	158.948599	-0.000797
499.000000	20.757000	158.979169	-0.001065
500.000000	20.759000	159.009743	-0.001505
501.000000	20.761000	159.040320	-0.001163
502.000000	20.763000	159.070898	-0.001041
503.000000	20.765000	159.101480	-0.001310
504.000000	20.767000	159.132065	-0.001578
505.000000	20.769000	159.162652	-0.001114
506.000000	20.771000	159.193244	-0.001749
507.000000	20.773000	159.223838	-0.001432
508.000000	20.775000	159.254434	-0.001432
509.000000	20.777000	159.285033	-0.000943
510.000000	20.779000	159.315637	-0.001969
511.000000	20.781000	159.346242	-0.000992
512.000000	20.783000	159.376850	-0.002530
513.000000	20.785000	159.407462	-0.001383
514.000000	20.787000	159.438075	-0.001310
515.000000	20.789000	159.468694	-0.001041
516.000000	20.791000	159.499314	-0.001432
517.000000	20.793000	159.529937	-0.001505
518.000000	20.795000	159.560563	-0.001773
519.000000	20.797000	159.591193	-0.002042
520.000000	20.799000	159.621825	-0.001456
521.000000	20.801000	159.652459	-0.001456
522.000000	20.803000	159.683097	-0.001090
523.000000	20.805000	159.713737	-0.001676
524.000000	20.807000	159.744382	-0.001065
525.000000	20.809000	159.775028	-0.001676
526.000000	20.811000	159.805678	-0.001310
527.000000	20.813000	159.836330	-0.001676
528.000000	20.815000	159.866985	-0.002408
529.000000	20.817000	159.897645	-0.001017
530.000000	20.819000	159.928306	-0.001407
531.000000	20.821000	159.958970	-0.001139
532.000000	20.823000	159.989637	-0.001822
533.000000	20.825000	160.020308	-0.001725
534.000000	20.827000	160.050981	-0.001798
535.000000	20.829000	160.081657	-0.001969
536.000000	20.831000	160.112335	-0.002311
537.000000	20.833000	160.143017	-0.001480
538.000000	20.835000	160.173703	-0.001505
539.000000	20.837000	160.204391	-0.002189
540.000000	20.839000	160.235081	-0.001603
541.000000	20.841000	160.265774	-0.000650
542.000000	20.843000	160.296471	-0.002115
543.000000	20.845000	160.327172	-0.001456
544.000000	20.847000	160.357874	-0.001163
545.000000	20.849000	160.388579	-0.001822
546.000000	20.851000	160.419287	-0.001114
547.000000	20.853000	160.450000	-0.000846
548.000000	20.855000	160.480714	-0.002262
549.000000	20.857000	160.511430	-0.000919
550.000000	20.859000	160.542150	-0.002066
551.000000	20.861000	160.572873	-0.001188
552.000000	20.863000	160.603600	-0.001554
553.000000	20.865000	160.634329	-0.001773
554.000000	20.867000	160.665060	-0.001578
555.000000	20.869000	160.695795	-0.001773
556.000000	20.871000	160.726532	-0.001700
557.000000	20.873000	160.757275	-0.001334
558.000000	20.875000	160.788018	-0.001871
559.000000	20.877000	160.818764	-0.001529
560.000000	20.879000	160.849513	-0.001334
561.000000	20.881000	160.880267	-0.000382
562.000000	20.883000	160.911022	-0.002335
563.000000	20.885000	160.941780	-0.002262
564.000000	20.887000	160.972541	-0.001065
565.000000	20.889000	161.003305	-0.001822
566.000000	20.891000	161.034074	-0.001188
567.000000	20.893000	161.064843	-0.000675
568.000000	20.895000	161.095616	-0.001114
569.000000	20.897000	161.126392	-0.000699
570.000000	20.899000	161.157170	-0.001334
571.000000	20.901000	161.187954	-0.000553
572.000000	20.903000	161.218738	-0.001090
573.000000	20.905000	161.249525	-0.001578
574.000000	20.907000	161.280316	-0.000821
575.000000	20.909000	161.311111	-0.001456
576.000000	20.911000	161.341907	-0.001407
577.000000	20.913000	161.372706	-0.001383
578.000000	20.915000	161.403508	-0.000577
579.000000	20.917000	161.434313	-0.000504
580.000000	20.919000	161.465123	-0.000870
581.000000	20.921000	161.495934	-0.000675
582.000000	20.923000	161.526748	-0.001041
583.000000	20.925000	161.557565	-0.000772
584.000000	20.927000	161.588384	-0.000455
585.000000	20.929000	161.619209	-0.001139
586.000000	20.931000	161.650034	-0.001310
587.000000	20.933000	161.680863	-0.000943
588.000000	20.935000	161.711694	-0.001090
589.000000	20.937000	161.742531	-0.001456
590.000000	20.939000	161.773368	-0.000675
591.000000	20.941000	161.804208	-0.001334
592.000000	20.943000	161.835051	-0.001407
593.000000	20.945000	161.865898	-0.000577
594.000000	20.947000	161.896749	-0.002018
595.000000	20.949000	161.927601	-0.000187
596.000000	20.951000	161.958456	-0.001676
597.000000	20.953000	161.989314	-0.001114
598.000000	20.955000	162.020174	-0.000724
599.000000	20.957000	162.051040	-0.001456
600.000000	20.959000	162.081907	-0.000724
601.000000	20.961000	162.112777	-0.001603
602.000000	20.963000	162.143649	-0.001041
603.000000	20.965000	162.174527	-0.000382
604.000000	20.967000	162.205405	-0.000992
605.000000	20.969000	162.236287	-0.000895
606.000000	20.971000	162.267171	-0.000846
607.000000	20.973000	162.298058	-0.001310
608.000000	20.975000	162.328950	-0.001163
609.000000	20.977000	162.359844	-0.001725
610.000000	20.979000	162.390740	-0.001188
611.000000	20.981000	162.421639	-0.000895
612.000000	20.983000	162.452541	-0.001383
613.000000	20.985000	162.483448	-0.000772
614.000000	20.987000	162.514355	-0.001407
615.000000	20.989000	162.545266	-0.002091
616.000000	20.991000	162.576180	-0.001456
617.000000	20.993000	162.607099	-0.000626
618.000000	20.995000	162.638018	-0.000943
619.000000	20.997000	162.668941	-0.001603
620.000000	20.999000	162.699866	-0.001261
621.000000	21.001000	162.730795	-0.001139
622.000000	21.003000	162.761728	-0.001188
623.000000	21.005000	162.792663	-0.000943
624.000000	21.007000	162.823600	-0.001188
625.000000	21.009000	162.854540	-0.001041
626.000000	21.011000	162.885483	-0.000992
627.000000	21.013000	162.916431	-0.001090
628.000000	21.015000	162.947380	-0.001578
629.000000	21.017000	162.978332	-0.001310
630.000000	21.019000	163.009287	-0.001358
631.000000	21.021000	163.040247	-0.000919
632.000000	21.023000	163.071208	-0.001261
633.000000	21.025000	163.102171	-0.000797
634.000000	21.027000	163.133138	-0.000797
635.000000	21.029000	163.164108	-0.001163
636.000000	21.031000	163.195082	-0.001285
637.000000	21.033000	163.226058	-0.000895
638.000000	21.035000	163.257036	-0.000992
639.000000	21.037000	163.288017	-0.001041
640.000000	21.039000	163.319004	-0.001212
641.000000	21.041000	163.349991	-0.000821
642.000000	21.043000	163.380981	-0.000504
643.000000	21.045000	163.411974	-0.000431
644.000000	21.047000	163.442970	-0.000992
645.000000	21.049000	163.473971	-0.000699
646.000000	21.051000	163.504973	-0.001139
647.000000	21.053000	163.535978	-0.001090
648.000000	21.055000	163.566986	-0.000480
649.000000	21.057000	163.597997	-0.001236
650.000000	21.059000	163.629012	-0.001285
651.000000	21.061000	163.660029	-0.001041
652.000000	21.063000	163.691049	-0.000577
653.000000	21.065000	163.722071	-0.001578
654.000000	21.067000	163.753098	-0.001041
655.000000	21.069000	163.784127	-0.000992
656.000000	21.071000	163.815158	-0.000943
657.000000	21.073000	163.846192	-0.001407
658.000000	21.075000	163.877230	-0.001969
659.000000	21.077000	163.908272	-0.001603
660.000000	21.079000	163.939315	-0.001090
661.000000	21.081000	163.970361	-0.001188
662.000000	21.083000	164.001410	-0.001749
663.000000	21.085000	164.032462	-0.001847
664.000000	21.087000	164.063518	-0.000748
665.000000	21.089000	164.094576	-0.000797
666.000000	21.091000	164.125637	-0.001065
667.000000	21.093000	164.156701	-0.000699
668.000000	21.095000	164.187769	0.000106
669.000000	21.097000	164.218839	-0.000357
670.000000	21.099000	164.249911	-0.000650
671.000000	21.101000	164.280987	-0.000406
672.000000	21.103000	164.312065	-0.000577
673.000000	21.105000	164.343148	-0.001456
674.000000	21.107000	164.374233	0.000326
675.000000	21.109000	164.405320	-0.000284
676.000000	21.111000	164.436410	-0.000480
677.000000	21.113000	164.467503	-0.001139
678.000000	21.115000	164.498601	-0.000504
679.000000	21.117000	164.529700	-0.000846
680.000000	21.119000	164.560802	0.000131
681.000000	21.121000	164.591907	-0.000650
682.000000	21.123000	164.623016	-0.001041
683.000000	21.125000	164.654127	-0.000553
684.000000	21.127000	164.685241	-0.001065
685.000000	21.129000	164.716357	-0.000406
686.000000	21.131000	164.747477	-0.000968
687.000000	21.133000	164.778601	-0.000675
688.000000	21.135000	164.809726	-0.001139
689.000000	21.137000	164.840855	-0.001261
690.000000	21.139000	164.871986	-0.000870
691.000000	21.141000	164.903120	-0.001334
692.000000	21.143000	164.934259	-0.000968
693.000000	21.145000	164.965400	-0.000895
694.000000	21.147000	164.996543	-0.001554
695.000000	21.149000	165.027689	-0.000602
696.000000	21.151000	165.058839	-0.001651
697.000000	21.153000	165.089991	-0.000992
698.000000	21.155000	165.121146	-0.001017
699.000000	21.157000	165.152304	-0.000602
700.000000	21.159000	165.183464	-0.000699
701.000000	21.161000	165.214630	-0.001065
702.000000	21.163000	165.245797	-0.000626
703.000000	21.165000	165.276966	-0.000772
704.000000	21.167000	165.308138	-0.001090
705.000000	21.169000	165.339314	-0.001017
706.000000	21.171000	165.370494	-0.000406
707.000000	21.173000	165.401675	-0.000748
708.000000	21.175000	165.432860	-0.000455
709.000000	21.177000	165.464047	-0.000992
710.000000	21.179000	165.495239	-0.000602
711.000000	21.181000	165.526432	-0.000528
712.000000	21.183000	165.557628	-0.000919
713.000000	21.185000	165.588827	-0.000357
714.000000	21.187000	165.620028	-0.000480
715.000000	21.189000	165.651235	-0.000333
716.000000	21.191000	165.682443	-0.000577
717.000000	21.193000	165.713653	-0.001090
718.000000	21.195000	165.744867	-0.000724
719.000000	21.197000	165.776084	-0.000504
720.000000	21.199000	165.807305	-0.000870
721.000000	21.201000	165.838527	-0.001578
722.000000	21.203000	165.869753	-0.000846
723.000000	21.205000	165.900981	-0.001578
724.000000	21.207000	165.932214	-0.001578
725.000000	21.209000	165.963448	-0.000821
726.000000	21.211000	165.994685	-0.001456
727.000000	21.213000	166.025925	-0.001041
728.000000	21.215000	166.057168	-0.000919
729.000000	21.217000	166.088416	-0.001285
730.000000	21.219000	166.119665	-0.000431
731.000000	21.221000	166.150917	-0.000675
732.000000	21.223000	166.182172	-0.000553
733.000000	21.225000	166.213429	-0.001114
734.000000	21.227000	166.244692	-0.000821
735.000000	21.229000	166.275955	-0.001017
736.000000	21.231000	166.307222	-0.000504
737.000000	21.233000	166.338491	-0.000724
738.000000	21.235000	166.369766	-0.000626
739.000000	21.237000	166.401041	-0.000895
740.000000	21.239000	166.432319	-0.001090
741.000000	21.241000	166.463600	-0.000772
742.000000	21.243000	166.494885	-0.000675
743.000000	21.245000	166.526173	-0.000431
744.000000	21.247000	166.557464	-0.001188
745.000000	21.249000	166.588756	-0.000455
746.000000	21.251000	166.620052	-0.001041
747.000000	21.253000	166.651351	-0.001114
748.000000	21.255000	166.682655	-0.000235
749.000000	21.257000	166.713960	-0.000846
750.000000	21.259000	166.745267	-0.001456
751.000000	21.261000	166.776578	-0.000968
752.000000	21.263000	166.807893	-0.001188
753.000000	21.265000	166.839210	-0.001090
754.000000	21.267000	166.870529	-0.001114
755.000000	21.269000	166.901852	-0.001090
756.000000	21.271000	166.933177	-0.000992
757.000000	21.273000	166.964507	-0.001944
758.000000	21.275000	166.995838	-0.000260
759.000000	21.277000	167.027172	-0.001236
760.000000	21.279000	167.058509	-0.001310
761.000000	21.281000	167.089849	-0.000821
762.000000	21.283000	167.121194	-0.001065
763.000000	21.285000	167.152540	-0.000772
764.000000	21.287000	167.183889	-0.001090
765.000000	21.289000	167.215241	-0.000528
766.000000	21.291000	167.246597	-0.000455
767.000000	21.293000	167.277955	-0.000553
768.000000	21.295000	167.309315	-0.001090
769.000000	21.297000	167.340679	-0.000748
770.000000	21.299000	167.372045	-0.001432
771.000000	21.301000	167.403417	-0.001041
772.000000	21.303000	167.434789	-0.001188
773.000000	21.305000	167.466164	-0.000748
774.000000	21.307000	167.497542	-0.000284
775.000000	21.309000	167.528925	-0.000602
776.000000	21.311000	167.560309	-0.000968
777.000000	21.313000	167.591696	-0.001139
778.000000	21.315000	167.623086	-0.001432
779.000000	21.317000	167.654479	-0.000846
780.000000	21.319000	167.685877	-0.001456
781.000000	21.321000	167.717276	-0.000797
782.000000	21.323000	167.748678	-0.001627
783.000000	21.325000	167.780082	-0.001310
784.000000	21.327000	167.811490	-0.001651
785.000000	21.329000	167.842902	-0.002335
786.000000	21.331000	167.874316	-0.003409
787.000000	21.333000	167.905732	-0.004093
788.000000	21.335000	167.937151	-0.003873
789.000000	21.337000	167.968576	-0.004117
790.000000	21.339000	168.000001	-0.005265
791.000000	21.341000	168.031429	-0.003507
792.000000	21.343000	168.062860	-0.002945
793.000000	21.345000	168.094294	-0.001529
794.000000	21.347000	168.125733	-0.001212
795.000000	21.349000	168.157173	-0.000480
796.000000	21.351000	168.188616	-0.000968
797.000000	21.353000	168.220062	-0.001676
798.000000	21.355000	168.251511	-0.000187
799.000000	21.357000	168.282964	-0.000626
800.000000	21.359000	168.314419	-0.000602
801.000000	21.361000	168.345876	-0.000870
802.000000	21.363000	168.377337	-0.000943
803.000000	21.365000	168.408802	-0.001456
804.000000	21.367000	168.440269	-0.000260
805.000000	21.369000	168.471738	-0.000602
806.000000	21.371000	168.503210	-0.000675
807.000000	21.373000	168.534685	-0.000309
808.000000	21.375000	168.566165	0.000204
809.000000	21.377000	168.597646	-0.000943
810.000000	21.379000	168.629130	-0.000577
811.000000	21.381000	168.660617	-0.000089
812.000000	21.383000	168.692107	-0.000821
813.000000	21.385000	168.723602	-0.001188
814.000000	21.387000	168.755098	-0.001017
815.000000	21.389000	168.786597	-0.001798
816.000000	21.391000	168.818098	-0.001505
817.000000	21.393000	168.849605	-0.003019
818.000000	21.395000	168.881112	-0.003385
819.000000	21.397000	168.912623	-0.003678
820.000000	21.399000	168.944136	-0.004288
821.000000	21.401000	168.975653	-0.005216
822.000000	21.403000	169.007174	-0.004459
823.000000	21.405000	169.038696	-0.001993
824.000000	21.407000	169.070221	-0.001456
825.000000	21.409000	169.101749	-0.002237
826.000000	21.411000	169.133280	-0.000406
827.000000	21.413000	169.164816	-0.000675
828.000000	21.415000	169.196353	0.000228
829.000000	21.417000	169.227893	-0.000406
830.000000	21.419000	169.259436	-0.000455
831.000000	21.421000	169.290983	-0.001261
832.000000	21.423000	169.322532	-0.000602
833.000000	21.425000	169.354084	-0.000357
834.000000	21.427000	169.385638	-0.000260
835.000000	21.429000	169.417196	-0.000504
836.000000	21.431000	169.448758	-0.000382
837.000000	21.433000	169.480322	-0.000724
838.000000	21.435000	169.511888	-0.000919
839.000000	21.437000	169.543457	-0.000504
840.000000	21.439000	169.575029	-0.000821
841.000000	21.441000	169.606606	-0.000162
842.000000	21.443000	169.638185	-0.001944
843.000000	21.445000	169.669766	-0.000870
844.000000	21.447000	169.701350	-0.000943
845.000000	21.449000	169.732938	-0.001188
846.000000	21.451000	169.764528	-0.002408
847.000000	21.453000	169.796121	-0.002726
848.000000	21.455000	169.827717	-0.005411
849.000000	21.457000	169.859315	-0.009366
850.000000	21.459000	169.890919	-0.010245
851.000000	21.461000	169.922523	-0.016227
852.000000	21.463000	169.954131	-0.014298
853.000000	21.465000	169.985741	-0.015055
854.000000	21.467000	170.017355	-0.014298
855.000000	21.469000	170.048973	-0.009195
856.000000	21.471000	170.080592	-0.004801
857.000000	21.473000	170.112214	-0.002555
858.000000	21.475000	170.143839	-0.000895
859.000000	21.477000	170.175469	-0.000162
860.000000	21.479000	170.207100	-0.000553
861.000000	21.481000	170.238734	-0.000382
862.000000	21.483000	170.270371	-0.000064
863.000000	21.485000	170.302011	-0.000626
864.000000	21.487000	170.333656	-0.001432
865.000000	21.489000	170.365301	-0.000064
866.000000	21.491000	170.396950	-0.000309
867.000000	21.493000	170.428602	-0.000724
868.000000	21.495000	170.460256	0.000180
869.000000	21.497000	170.491915	-0.000357
870.000000	21.499000	170.523576	-0.000309
871.000000	21.501000	170.555239	-0.000187
872.000000	21.503000	170.586905	-0.000675
873.000000	21.505000	170.618577	-0.001212
874.000000	21.507000	170.650249	-0.000406
875.000000	21.509000	170.681924	-0.000528
876.000000	21.511000	170.713602	-0.000260
877.000000	21.513000	170.745283	-0.000504
878.000000	21.515000	170.776969	-0.000602
879.000000	21.517000	170.808655	-0.001725
880.000000	21.519000	170.840345	-0.001090
881.000000	21.521000	170.872038	-0.002262
882.000000	21.523000	170.903734	-0.002677
883.000000	21.525000	170.935434	-0.003116
884.000000	21.527000	170.967136	-0.004410
885.000000	21.529000	170.998840	-0.003849
886.000000	21.531000	171.030548	-0.002897
887.000000	21.533000	171.062260	-0.000309
888.000000	21.535000	171.093973	-0.001358
889.000000	21.537000	171.125689	-0.001383
890.000000	21.539000	171.157409	-0.000528
891.000000	21.541000	171.189131	-0.000748
892.000000	21.543000	171.220858	-0.000577
893.000000	21.545000	171.252586	-0.000895
894.000000	21.547000	171.284317	-0.000870
895.000000	21.549000	171.316050	-0.000333
896.000000	21.551000	171.347787	-0.000211
897.000000	21.553000	171.379529	-0.000480
898.000000	21.555000	171.411272	-0.000846
899.000000	21.557000	171.443017	-0.000431
900.000000	21.559000	171.474766	-0.000650
901.000000	21.561000	171.506519	-0.001139
902.000000	21.563000	171.538274	-0.000724
903.000000	21.565000	171.570031	-0.000504
904.000000	21.567000	171.601791	-0.000577
905.000000	21.569000	171.633555	-0.000724
906.000000	21.571000	171.665323	-0.001065
907.000000	21.573000	171.697092	-0.000382
908.000000	21.575000	171.728864	-0.001383
909.000000	21.577000	171.760639	-0.000797
910.000000	21.579000	171.792419	-0.000895
911.000000	21.581000	171.824200	-0.001236
912.000000	21.583000	171.855984	-0.001188
913.000000	21.585000	171.887770	-0.002042
914.000000	21.587000	171.919560	-0.001871
915.000000	21.589000	171.951355	-0.001285
916.000000	21.591000	171.983150	-0.002262
917.000000	21.593000	172.014949	-0.001822
918.000000	21.595000	172.046750	-0.001139
919.000000	21.597000	172.078555	-0.000748
920.000000	21.599000	172.110364	-0.000553
921.000000	21.601000	172.142174	-0.001163
922.000000	21.603000	172.173988	-0.000724
923.000000	21.605000	172.205804	-0.000846
924.000000	21.607000	172.237625	-0.001432
925.000000	21.609000	172.269447	-0.000724
926.000000	21.611000	172.301272	-0.000870
927.000000	21.613000	172.333100	-0.000504
928.000000	21.615000	172.364931	-0.000260
929.000000	21.617000	172.396766	-0.001090
930.000000	21.619000	172.428603	-0.000724
931.000000	21.621000	172.460443	0.000277
932.000000	21.623000	172.492286	-0.000797
933.000000	21.625000	172.524131	-0.000357
934.000000	21.627000	172.555982	-0.000553
935.000000	21.629000	172.587833	-0.000919
936.000000	21.631000	172.619687	-0.000992
937.000000	21.633000	172.651545	-0.000553
938.000000	21.635000	172.683407	-0.000724
939.000000	21.637000	172.715270	-0.001212
940.000000	21.639000	172.747136	-0.000968
941.000000	21.641000	172.779005	-0.000919
942.000000	21.643000	172.810877	-0.001090
943.000000	21.645000	172.842754	-0.001358
944.000000	21.647000	172.874632	-0.002091
945.000000	21.649000	172.906513	-0.001456
946.000000	21.651000	172.938397	-0.001114
947.000000	21.653000	172.970284	-0.000699
948.000000	21.655000	173.002175	-0.001139
949.000000	21.657000	173.034068	-0.001725
950.000000	21.659000	173.065963	-0.000968
951.000000	21.661000	173.097862	-0.001041
952.000000	21.663000	173.129765	-0.001651
953.000000	21.665000	173.161670	-0.001114
954.000000	21.667000	173.193577	-0.000504
955.000000	21.669000	173.225487	-0.000528
956.000000	21.671000	173.257400	-0.000528
957.000000	21.673000	173.289318	-0.000553
958.000000	21.675000	173.321237	-0.000602
959.000000	21.677000	173.353159	-0.000968
960.000000	21.679000	173.385084	-0.000675
961.000000	21.681000	173.417012	-0.000602
962.000000	21.683000	173.448945	-0.001407
963.000000	21.685000	173.480879	-0.000333
964.000000	21.687000	173.512815	-0.000724
965.000000	21.689000	173.544755	-0.000650
966.000000	21.691000	173.576700	-0.000821
967.000000	21.693000	173.608645	-0.000602
968.000000	21.695000	173.640593	-0.000382
969.000000	21.697000	173.672545	-0.001114
970.000000	21.699000	173.704499	-0.000626
971.000000	21.701000	173.736458	-0.000528
972.000000	21.703000	173.768419	-0.000821
973.000000	21.705000	173.800382	-0.000650
974.000000	21.707000	173.832348	-0.000846
975.000000	21.709000	173.864317	-0.000406
976.000000	21.711000	173.896291	-0.000870
977.000000	21.713000	173.928266	-0.001456
978.000000	21.715000	173.960244	-0.000675
979.000000	21.717000	173.992224	-0.001041
980.000000	21.719000	174.024210	-0.001505
981.000000	21.721000	174.056197	-0.000406
982.000000	21.723000	174.088186	-0.001334
983.000000	21.725000	174.120179	-0.000748
984.000000	21.727000	174.152174	-0.000968
985.000000	21.729000	174.184175	-0.000870
986.000000	21.731000	174.216176	-0.000748
987.000000	21.733000	174.248180	-0.001188
988.000000	21.735000	174.280188	-0.000480
989.000000	21.737000	174.312198	-0.000870
990.000000	21.739000	174.344213	-0.001261
991.000000	21.741000	174.376229	-0.000675
992.000000	21.743000	174.408248	-0.001212
993.000000	21.745000	174.440270	-0.000724
994.000000	21.747000	174.472297	-0.000821
995.000000	21.749000	174.504324	-0.000870
996.000000	21.751000	174.536355	-0.000455
997.000000	21.753000	174.568389	-0.000724
998.000000	21.755000	174.600426	-0.000528
999.000000	21.757000	174.632467	-0.000553
1000.000000	21.759000	174.664510	-0.001041
