0.000	524.000	-129.108	0.000
1.000	523.990	-139.708	3.200
2.000	523.980	-116.358	9.204
3.000	523.970	-102.750	15.208
4.000	523.960	-106.467	21.222
5.000	523.950	-98.408	27.226
6.000	523.940	-95.350	33.141
7.000	523.930	-116.567	39.147
8.000	523.920	-113.533	45.160
9.000	523.910	-128.758	51.148
10.000	523.900	-132.125	57.154
11.000	523.890	-135.433	63.232
12.000	523.880	-151.942	69.140
13.000	523.870	-224.375	75.151
14.000	523.860	-259.383	81.163
15.000	523.850	-281.000	87.156
16.000	523.840	-264.883	93.165
17.000	523.830	-232.642	99.151
18.000	523.820	-205.008	105.163
19.000	523.810	-155.783	111.143
20.000	523.800	-127.708	117.156
21.000	523.790	-96.383	123.167
22.000	523.780	-101.175	129.152
23.000	523.770	-120.100	135.157
24.000	523.760	-119.975	141.169
25.000	523.750	-130.542	147.144
26.000	523.740	-110.058	153.148
27.000	523.730	-105.383	159.160
28.000	523.720	-87.983	165.169
29.000	523.710	-99.233	171.172
30.000	523.700	-96.142	177.149
31.000	523.690	-95.250	183.151
32.000	523.680	-92.625	189.154
33.000	523.670	-115.792	195.156
34.000	523.660	-112.608	201.169
35.000	523.650	-102.725	207.173
36.000	523.640	-103.608	213.151
37.000	523.630	-92.992	219.154
38.000	523.620	-101.667	225.159
39.000	523.610	-86.867	231.165
40.000	523.600	-118.725	237.171
41.000	523.590	-104.317	243.237
42.000	523.580	-84.125	249.143
43.000	523.570	-87.867	255.149
44.000	523.560	-120.092	261.155
45.000	523.550	-113.608	267.160
46.000	523.540	-105.642	273.170
47.000	523.530	-109.942	279.155
48.000	523.520	-105.125	285.166
49.000	523.510	-93.900	291.177
50.000	523.500	-103.033	297.165
51.000	523.490	-90.833	303.174
52.000	523.480	-101.683	309.160
53.000	523.470	-105.150	315.165
54.000	523.460	-105.667	321.168
55.000	523.450	-93.225	327.171
56.000	523.440	-94.550	333.172
57.000	523.430	-106.000	339.176
58.000	523.420	-106.733	345.163
59.000	523.410	-100.242	351.172
60.000	523.400	-102.358	357.177
61.000	523.390	-111.483	363.161
62.000	523.380	-114.492	369.172
63.000	523.370	-103.442	375.157
64.000	523.360	-125.608	381.172
65.000	523.350	-123.492	387.178
66.000	523.340	-119.475	393.163
67.000	523.330	-112.600	399.171
68.000	523.320	-110.192	405.178
69.000	523.310	-92.608	411.154
70.000	523.300	-103.367	417.167
71.000	523.290	-112.325	423.176
72.000	523.280	-117.625	429.162
73.000	523.270	-116.558	435.172
74.000	523.260	-107.417	441.178
75.000	523.250	-86.717	447.183
76.000	523.240	-88.008	453.160
77.000	523.230	-88.383	459.162
78.000	523.220	-84.825	465.178
79.000	523.210	-124.367	471.182
80.000	523.200	-126.283	477.161
81.000	523.190	-115.333	483.165
82.000	523.180	-141.575	489.176
83.000	523.170	-148.658	495.165
84.000	523.160	-146.367	501.175
85.000	523.150	-180.042	507.185
86.000	523.140	-144.258	513.173
87.000	523.130	-115.367	519.186
88.000	523.120	-109.308	525.176
89.000	523.110	-108.675	531.219
90.000	523.100	-93.492	537.152
91.000	523.090	-97.967	543.175
92.000	523.080	-87.600	549.152
93.000	523.070	-114.158	567.240
94.000	523.060	-107.508	573.153
95.000	523.050	-115.650	579.166
96.000	523.040	-96.125	585.178
97.000	523.030	-115.275	591.185
98.000	523.020	-136.533	597.172
99.000	523.010	-113.192	603.181
100.000	523.000	-122.233	609.185
101.000	522.990	-112.000	615.222
102.000	522.980	-86.583	621.153
103.000	522.970	-90.100	627.167
104.000	522.960	-123.092	633.172
105.000	522.950	-106.400	639.185
106.000	522.940	-106.683	645.170
107.000	522.930	-85.092	651.182
108.000	522.920	-84.792	657.171
109.000	522.910	-114.775	663.185
110.000	522.900	-127.025	669.169
111.000	522.890	-122.483	675.184
112.000	522.880	-130.000	681.191
113.000	522.870	-125.317	687.174
114.000	522.860	-127.292	693.141
115.000	522.850	-113.158	705.151
116.000	522.840	-96.383	711.158
117.000	522.830	-77.950	717.166
118.000	522.820	-73.683	723.174
119.000	522.810	-100.158	729.184
120.000	522.800	-74.267	735.194
121.000	522.790	-90.058	741.182
122.000	522.780	-97.708	747.192
123.000	522.770	-88.233	753.178
124.000	522.760	-80.008	759.183
125.000	522.750	-91.217	765.188
126.000	522.740	-122.500	771.189
127.000	522.730	-97.675	777.191
128.000	522.720	-121.275	783.185
129.000	522.710	-100.475	789.194
130.000	522.700	-107.475	795.179
131.000	522.690	-97.692	801.190
132.000	522.680	-104.317	807.229
133.000	522.670	-110.592	813.164
134.000	522.660	-105.708	819.178
135.000	522.650	-102.308	825.182
136.000	522.640	-105.033	831.197
137.000	522.630	-107.675	837.178
138.000	522.620	-122.475	843.192
139.000	522.610	-121.508	849.196
140.000	522.600	-113.108	855.175
141.000	522.590	-109.192	861.188
142.000	522.580	-107.383	867.259
143.000	522.570	-132.425	873.166
144.000	522.560	-126.258	879.182
145.000	522.550	-119.575	885.186
146.000	522.540	-119.275	891.188
147.000	522.530	-116.967	897.191
148.000	522.520	-116.442	903.194
149.000	522.510	-107.308	909.198
150.000	522.500	-99.417	915.200
151.000	522.490	-110.742	921.181
152.000	522.480	-88.617	927.184
153.000	522.470	-83.067	933.194
154.000	522.460	-95.517	939.181
155.000	522.450	-118.283	945.185
156.000	522.440	-102.117	951.192
157.000	522.430	-84.567	957.180
158.000	522.420	-86.583	963.191
159.000	522.410	-101.042	969.234
160.000	522.400	-103.967	975.148
161.000	522.390	-104.875	981.162
162.000	522.380	-86.258	987.174
163.000	522.370	-68.092	993.187
164.000	522.360	-62.925	999.201
165.000	522.350	-104.258	1005.183
166.000	522.340	-117.700	1011.197
167.000	522.330	-110.367	1017.186
168.000	522.320	-93.892	1023.198
169.000	522.310	-103.858	1029.183
170.000	522.300	-116.317	1035.195
171.000	522.290	-113.450	1041.179
172.000	522.280	-108.867	1047.191
173.000	522.270	-134.642	1053.204
174.000	522.260	-99.308	1059.197
175.000	522.250	-85.058	1065.188
176.000	522.240	-88.533	1071.200
177.000	522.230	-83.400	1077.192
178.000	522.220	-124.358	1083.162
179.000	522.210	-96.425	1089.174
180.000	522.200	-82.667	1095.185
181.000	522.190	-94.375	1101.197
182.000	522.180	-85.775	1107.185
183.000	522.170	-92.308	1113.196
184.000	522.160	-79.483	1119.206
185.000	522.150	-80.883	1125.182
186.000	522.140	-96.875	1131.202
187.000	522.130	-94.967	1137.207
188.000	522.120	-90.592	1143.190
189.000	522.110	-90.475	1149.196
190.000	522.100	-95.892	1155.200
191.000	522.090	-106.475	1161.265
192.000	522.080	-98.475	1167.183
193.000	522.070	-107.458	1173.195
194.000	522.060	-93.100	1179.203
195.000	522.050	-71.358	1185.184
196.000	522.040	-116.667	1191.190
197.000	522.030	-115.792	1197.195
198.000	522.020	-109.783	1203.200
199.000	522.010	-120.892	1209.207
200.000	522.000	-111.325	1215.185
201.000	521.990	-128.058	1221.202
202.000	521.980	-120.950	1227.207
203.000	521.970	-130.525	1233.185
204.000	521.960	-97.742	1239.200
205.000	521.950	-100.683	1245.212
206.000	521.940	-110.917	1251.204
207.000	521.930	-104.217	1257.182
208.000	521.920	-95.633	1263.189
209.000	521.910	-114.508	1269.194
210.000	521.900	-101.625	1275.199
211.000	521.890	-95.283	1281.210
212.000	521.880	-90.725	1287.204
213.000	521.870	-86.250	1293.211
214.000	521.860	-112.042	1299.200
215.000	521.850	-99.408	1305.213
216.000	521.840	-124.525	1311.195
217.000	521.830	-111.725	1317.200
218.000	521.820	-81.600	1323.206
219.000	521.810	-107.908	1329.214
220.000	521.800	-87.725	1335.200
221.000	521.790	-94.108	1341.205
222.000	521.780	-96.350	1347.212
223.000	521.770	-93.642	1353.195
224.000	521.760	-100.742	1359.206
225.000	521.750	-102.167	1365.212
226.000	521.740	-116.650	1371.195
227.000	521.730	-130.158	1377.208
228.000	521.720	-119.558	1383.213
229.000	521.710	-100.033	1389.194
230.000	521.700	-117.000	1395.201
231.000	521.690	-101.150	1401.219
232.000	521.680	-106.500	1407.204
233.000	521.670	-108.117	1413.210
234.000	521.660	-123.433	1419.204
235.000	521.650	-104.083	1425.217
236.000	521.640	-122.450	1431.204
237.000	521.630	-109.742	1437.219
238.000	521.620	-98.917	1443.202
239.000	521.610	-104.142	1449.186
240.000	521.600	-116.150	1455.205
241.000	521.590	-104.142	1461.220
242.000	521.580	-81.392	1467.199
243.000	521.570	-95.300	1473.142
244.000	521.560	-95.850	1479.155
245.000	521.550	-101.000	1485.168
246.000	521.540	-101.792	1491.181
247.000	521.530	-107.142	1497.195
248.000	521.520	-102.558	1503.205
249.000	521.510	-91.683	1509.220
250.000	521.500	-98.558	1515.198
251.000	521.490	-88.742	1521.211
252.000	521.480	-105.608	1527.203
253.000	521.470	-117.225	1533.218
254.000	521.460	-97.242	1539.206
255.000	521.450	-118.633	1545.211
256.000	521.440	-102.525	1551.206
257.000	521.430	-108.575	1557.214
258.000	521.420	-99.600	1563.211
259.000	521.410	-117.175	1569.222
260.000	521.400	-101.700	1575.213
261.000	521.390	-100.058	1581.222
262.000	521.380	-105.975	1587.211
263.000	521.370	-125.267	1593.224
264.000	521.360	-126.267	1599.205
265.000	521.350	-105.058	1605.218
266.000	521.340	-115.058	1611.209
267.000	521.330	-148.508	1617.225
268.000	521.320	-163.442	1623.206
269.000	521.310	-135.075	1629.223
270.000	521.300	-132.108	1635.203
271.000	521.290	-123.350	1641.193
272.000	521.280	-122.767	1647.197
273.000	521.270	-109.117	1653.205
274.000	521.260	-89.075	1659.217
275.000	521.250	-100.967	1665.225
276.000	521.240	-92.933	1671.219
277.000	521.230	-121.617	1677.221
278.000	521.220	-104.567	1683.227
279.000	521.210	-127.550	1689.220
280.000	521.200	-130.567	1695.214
281.000	521.190	-112.967	1701.217
282.000	521.180	-111.142	1707.287
283.000	521.170	-99.608	1713.218
284.000	521.160	-91.367	1719.228
285.000	521.150	-124.742	1725.215
286.000	521.140	-111.117	1731.219
287.000	521.130	-99.292	1737.214
288.000	521.120	-120.842	1743.224
289.000	521.110	-136.975	1749.216
290.000	521.100	-108.775	1755.221
291.000	521.090	-116.633	1761.216
292.000	521.080	-125.717	1767.220
293.000	521.070	-117.483	1773.215
294.000	521.060	-105.175	1779.231
295.000	521.050	-113.458	1785.212
296.000	521.040	-88.833	1791.228
297.000	521.030	-90.350	1797.206
298.000	521.020	-86.125	1803.220
299.000	521.010	-86.692	1809.294
300.000	521.000	-107.042	1815.214
301.000	520.990	-87.733	1821.225
302.000	520.980	-82.392	1827.213
303.000	520.970	-78.875	1833.228
304.000	520.960	-100.100	1839.234
305.000	520.950	-89.533	1845.215
306.000	520.940	-92.892	1851.224
307.000	520.930	-97.308	1857.217
308.000	520.920	-73.642	1863.224
309.000	520.910	-111.525	1869.230
310.000	520.900	-101.800	1875.224
311.000	520.890	-89.150	1881.237
312.000	520.880	-95.075	1887.220
313.000	520.870	-125.833	1893.233
314.000	520.860	-104.567	1899.236
315.000	520.850	-117.992	1905.219
316.000	520.840	-97.667	1911.232
317.000	520.830	-89.875	1917.223
318.000	520.820	-101.933	1923.227
319.000	520.810	-112.075	1929.217
320.000	520.800	-115.000	1935.230
321.000	520.790	-132.258	1941.218
322.000	520.780	-123.108	1947.229
323.000	520.770	-114.050	1953.216
324.000	520.760	-109.050	1959.229
325.000	520.750	-96.125	1965.211
326.000	520.740	-92.467	1971.226
327.000	520.730	-102.500	1977.173
328.000	520.720	-95.867	1983.216
329.000	520.710	-97.883	1989.227
330.000	520.700	-87.892	1995.232
331.000	520.690	-90.058	2001.224
332.000	520.680	-66.633	2007.229
333.000	520.670	-92.542	2013.140
334.000	520.660	-82.942	2019.215
335.000	520.650	-88.033	2025.217
336.000	520.640	-84.208	2031.234
337.000	520.630	-83.700	2037.240
338.000	520.620	-87.200	2043.218
339.000	520.610	-95.358	2049.230
340.000	520.600	-95.425	2055.220
341.000	520.590	-124.433	2061.235
342.000	520.580	-106.817	2067.224
343.000	520.570	-98.683	2073.139
344.000	520.560	-94.500	2079.217
345.000	520.550	-107.608	2085.230
346.000	520.540	-98.808	2091.222
347.000	520.530	-112.075	2097.235
348.000	520.520	-103.625	2103.178
349.000	520.510	-93.783	2109.225
350.000	520.500	-95.742	2115.234
351.000	520.490	-97.050	2121.226
352.000	520.480	-92.517	2127.142
353.000	520.470	-93.192	2133.219
354.000	520.460	-108.767	2139.228
355.000	520.450	-76.842	2145.144
356.000	520.440	-92.600	2151.230
357.000	520.430	-95.858	2157.238
358.000	520.420	-106.558	2163.145
359.000	520.410	-87.100	2169.231
360.000	520.400	-109.125	2175.238
361.000	520.390	-104.000	2181.218
362.000	520.380	-127.592	2187.225
363.000	520.370	-118.375	2193.239
364.000	520.360	-121.983	2199.230
365.000	520.350	-113.025	2205.144
366.000	520.340	-102.925	2211.232
367.000	520.330	-72.283	2217.144
368.000	520.320	-91.525	2223.235
369.000	520.310	-83.617	2229.148
370.000	520.300	-107.258	2235.235
371.000	520.290	-90.867	2241.146
372.000	520.280	-108.492	2247.224
373.000	520.270	-98.850	2253.140
374.000	520.260	-84.367	2259.230
375.000	520.250	-88.883	2265.237
376.000	520.240	-88.258	2271.149
377.000	520.230	-72.792	2277.229
378.000	520.220	-83.275	2283.200
379.000	520.210	-91.083	2289.205
380.000	520.200	-99.500	2295.209
381.000	520.190	-106.925	2301.215
382.000	520.180	-90.883	2307.219
383.000	520.170	-93.433	2313.221
384.000	520.160	-69.583	2319.235
385.000	520.150	-96.658	2325.147
386.000	520.140	-96.342	2331.230
387.000	520.130	-72.292	2337.241
388.000	520.120	-78.533	2343.154
389.000	520.110	-78.033	2349.231
390.000	520.100	-91.925	2355.143
391.000	520.090	-96.067	2361.151
392.000	520.080	-99.308	2367.154
393.000	520.070	-93.517	2373.239
394.000	520.060	-82.275	2379.149
395.000	520.050	-85.150	2385.236
396.000	520.040	-109.617	2391.150
397.000	520.030	-107.492	2397.153
398.000	520.020	-103.692	2403.141
399.000	520.010	-107.500	2409.148
400.000	520.000	-87.992	2415.236
401.000	519.990	-112.208	2421.147
402.000	519.980	-98.775	2427.190
403.000	519.970	-94.675	2433.226
404.000	519.960	-105.833	2439.141
405.000	519.950	-80.100	2445.140
406.000	519.940	-78.992	2451.141
407.000	519.930	-110.675	2457.143
408.000	519.920	-95.108	2463.145
409.000	519.910	-109.233	2469.148
410.000	519.900	-131.467	2475.218
411.000	519.890	-123.683	2481.147
412.000	519.880	-111.892	2487.151
413.000	519.870	-81.800	2493.142
414.000	519.860	-98.808	2499.145
415.000	519.850	-93.142	2505.193
416.000	519.840	-104.625	2511.229
417.000	519.830	-104.967	2517.234
418.000	519.820	-81.183	2523.239
419.000	519.810	-102.900	2529.146
420.000	519.800	-104.125	2535.153
421.000	519.790	-104.758	2541.156
422.000	519.780	-116.858	2547.158
423.000	519.770	-115.608	2553.161
424.000	519.760	-105.058	2559.144
425.000	519.750	-93.825	2565.151
426.000	519.740	-89.625	2571.156
427.000	519.730	-72.558	2577.159
428.000	519.720	-86.592	2583.162
429.000	519.710	-81.625	2589.238
430.000	519.700	-124.983	2595.152
431.000	519.690	-101.458	2601.159
432.000	519.680	-84.333	2607.153
433.000	519.670	-97.433	2613.155
434.000	519.660	-110.400	2619.159
435.000	519.650	-112.617	2625.139
436.000	519.640	-113.575	2631.141
437.000	519.630	-106.633	2637.148
438.000	519.620	-94.658	2643.153
439.000	519.610	-87.258	2649.163
440.000	519.600	-74.983	2655.150
441.000	519.590	-68.192	2661.163
442.000	519.580	-73.067	2667.166
443.000	519.570	-80.133	2673.244
444.000	519.560	-99.708	2679.148
445.000	519.550	-129.967	2685.165
446.000	519.540	-118.825	2691.152
447.000	519.530	-76.667	2697.155
448.000	519.520	-80.008	2703.157
449.000	519.510	-89.692	2709.157
450.000	519.500	-100.792	2715.160
451.000	519.490	0.000	2721.167
