0.000	515.500	-134.725	0.000
1.000	515.490	-154.575	1.798
2.000	515.480	-157.792	7.863
3.000	515.470	-154.817	13.882
4.000	515.460	-145.867	19.888
5.000	515.450	-147.075	25.892
6.000	515.440	-150.767	31.887
7.000	515.430	-132.175	37.895
8.000	515.420	-155.092	43.879
9.000	515.410	-168.950	49.895
10.000	515.400	-154.383	55.807
11.000	515.390	-173.208	61.800
12.000	515.380	-146.417	67.809
13.000	515.370	-151.000	73.796
14.000	515.360	-146.100	79.804
15.000	515.350	-155.292	85.879
16.000	515.340	-156.867	91.899
17.000	515.330	-149.992	97.808
18.000	515.320	-148.150	103.888
19.000	515.310	-148.767	109.894
20.000	515.300	-160.842	115.886
21.000	515.290	-136.633	121.800
22.000	515.280	-178.583	127.806
23.000	515.270	-151.808	133.887
24.000	515.260	-132.908	139.848
25.000	515.250	-146.900	145.854
26.000	515.240	-158.600	151.866
27.000	515.230	-158.192	157.877
28.000	515.220	-150.450	163.887
29.000	515.210	-125.792	169.798
30.000	515.200	-131.800	175.814
31.000	515.190	-157.583	181.896
32.000	515.180	-161.425	187.814
33.000	515.170	-133.083	193.797
34.000	515.160	-132.650	199.805
35.000	515.150	-127.242	205.812
36.000	515.140	-151.142	211.895
37.000	515.130	-147.117	217.799
38.000	515.120	-152.458	223.892
39.000	515.110	-132.050	229.804
40.000	515.100	-160.792	235.812
41.000	515.090	-189.783	241.800
42.000	515.080	-222.650	247.811
43.000	515.070	-207.133	253.893
44.000	515.060	-223.100	259.808
45.000	515.050	-219.083	265.891
46.000	515.040	-191.733	271.810
47.000	515.030	-211.283	277.891
48.000	515.020	-181.442	283.809
49.000	515.010	-145.800	289.797
50.000	515.000	-149.500	295.809
51.000	514.990	-129.325	301.885
52.000	514.980	-141.642	307.810
53.000	514.970	-164.083	313.800
54.000	514.960	-131.167	319.817
55.000	514.950	-147.842	325.807
56.000	514.940	-160.742	331.817
57.000	514.930	-181.492	337.805
58.000	514.920	-209.433	343.813
59.000	514.910	-214.400	349.821
60.000	514.900	-323.250	355.807
61.000	514.890	-344.833	361.817
62.000	514.880	-373.350	367.808
63.000	514.870	-331.958	373.895
64.000	514.860	-355.108	379.812
65.000	514.850	-379.792	385.820
66.000	514.840	-311.817	391.804
67.000	514.830	-194.058	397.811
68.000	514.820	-190.842	403.820
69.000	514.810	-171.442	409.815
70.000	514.800	-158.767	415.822
71.000	514.790	-169.000	421.809
72.000	514.780	-133.267	427.799
73.000	514.770	-141.192	433.817
74.000	514.760	-138.525	439.805
75.000	514.750	-125.300	445.815
76.000	514.740	-152.858	451.821
77.000	514.730	-138.000	457.803
78.000	514.720	-149.558	463.812
79.000	514.710	-140.825	469.896
80.000	514.700	-133.292	475.806
81.000	514.690	-129.333	481.811
82.000	514.680	-118.483	487.817
83.000	514.670	-122.050	493.822
84.000	514.660	-132.250	499.805
85.000	514.650	-158.900	505.813
86.000	514.640	-146.900	511.818
87.000	514.630	-140.800	517.826
88.000	514.620	-162.700	523.804
89.000	514.610	-148.942	529.821
90.000	514.600	-148.033	535.805
91.000	514.590	-130.142	541.816
92.000	514.580	-130.117	547.826
93.000	514.570	-136.517	553.817
94.000	514.560	-155.850	559.827
95.000	514.550	-157.142	565.816
96.000	514.540	-186.558	571.825
97.000	514.530	-155.000	577.802
98.000	514.520	-187.708	583.814
99.000	514.510	-182.742	589.805
100.000	514.500	-177.108	595.820
101.000	514.490	-158.300	601.805
102.000	514.480	-150.375	607.819
103.000	514.470	-169.883	613.805
104.000	514.460	-131.783	619.821
105.000	514.450	-140.200	625.806
106.000	514.440	-141.575	631.820
107.000	514.430	-153.642	637.805
108.000	514.420	-164.733	643.819
109.000	514.410	-149.525	649.802
110.000	514.400	-163.375	655.816
111.000	514.390	-146.917	661.829
112.000	514.380	-165.183	667.806
113.000	514.370	-160.125	673.824
114.000	514.360	-125.100	679.803
115.000	514.350	-126.242	685.815
116.000	514.340	-148.875	691.831
117.000	514.330	-148.542	697.813
118.000	514.320	-159.408	703.826
119.000	514.310	-170.175	709.815
120.000	514.300	-168.817	715.830
121.000	514.290	-170.050	721.808
122.000	514.280	-138.983	727.821
123.000	514.270	-133.517	733.833
124.000	514.260	-143.475	739.818
125.000	514.250	-161.308	745.822
126.000	514.240	-177.025	751.815
127.000	514.230	-165.125	757.829
128.000	514.220	-158.842	763.812
129.000	514.210	-162.833	769.826
130.000	514.200	-176.050	775.893
131.000	514.190	-205.900	781.819
132.000	514.180	-215.483	787.830
133.000	514.170	-233.917	793.821
134.000	514.160	-240.617	799.828
135.000	514.150	-252.717	805.824
136.000	514.140	-211.325	811.830
137.000	514.130	-191.367	817.837
138.000	514.120	-214.933	823.817
139.000	514.110	-173.167	829.825
140.000	514.100	-144.308	835.831
141.000	514.090	-146.458	841.828
142.000	514.080	-136.992	847.835
143.000	514.070	-138.408	853.822
144.000	514.060	-136.517	859.828
145.000	514.050	-117.575	865.834
146.000	514.040	-166.233	871.839
147.000	514.030	-159.642	877.819
148.000	514.020	-143.925	883.825
149.000	514.010	-127.375	889.818
150.000	514.000	-125.250	895.829
151.000	513.990	-112.933	901.838
152.000	513.980	-109.008	907.821
153.000	513.970	-130.717	913.839
154.000	513.960	-122.533	919.834
155.000	513.950	-123.050	925.826
156.000	513.940	-122.658	931.874
157.000	513.930	-117.300	937.835
158.000	513.920	-118.658	943.823
159.000	513.910	-117.133	949.838
160.000	513.900	-149.650	955.832
161.000	513.890	-116.950	961.818
162.000	513.880	-137.783	967.836
163.000	513.870	-139.492	973.825
164.000	513.860	-132.425	979.834
165.000	513.850	-156.333	985.840
166.000	513.840	-148.367	991.818
167.000	513.830	-159.558	997.830
168.000	513.820	-145.983	1003.836
169.000	513.810	-145.908	1009.841
170.000	513.800	-135.783	1015.821
171.000	513.790	-131.708	1021.826
172.000	513.780	-149.958	1027.844
173.000	513.770	-149.067	1033.831
174.000	513.760	-136.250	1039.836
175.000	513.750	-125.083	1045.839
176.000	513.740	-138.400	1051.846
177.000	513.730	-172.975	1057.822
178.000	513.720	-163.458	1063.826
179.000	513.710	-164.533	1069.833
180.000	513.700	-153.750	1075.840
181.000	513.690	-160.533	1081.820
182.000	513.680	-180.258	1087.827
183.000	513.670	-203.950	1093.846
184.000	513.660	-211.975	1099.833
185.000	513.650	-237.442	1105.840
186.000	513.640	-232.433	1111.848
187.000	513.630	-230.867	1117.826
188.000	513.620	-196.608	1123.834
189.000	513.610	-183.600	1129.806
190.000	513.600	-175.792	1135.813
191.000	513.590	-175.542	1141.817
192.000	513.580	-143.775	1147.830
193.000	513.570	-159.700	1153.838
194.000	513.560	-169.267	1159.846
195.000	513.550	-168.517	1165.839
196.000	513.540	-180.992	1171.844
197.000	513.530	-196.850	1177.849
198.000	513.520	-210.533	1183.828
199.000	513.510	-216.017	1189.835
200.000	513.500	-234.475	1195.840
201.000	513.490	-207.217	1201.845
202.000	513.480	-183.158	1207.850
203.000	513.470	-145.717	1213.836
204.000	513.460	-164.450	1219.847
205.000	513.450	-175.400	1225.852
206.000	513.440	-172.558	1231.835
207.000	513.430	-151.333	1237.843
208.000	513.420	-128.058	1243.847
209.000	513.410	-140.642	1249.827
210.000	513.400	-128.317	1255.843
211.000	513.390	-127.225	1261.852
212.000	513.380	-129.358	1267.835
213.000	513.370	-145.675	1273.841
214.000	513.360	-192.608	1279.850
215.000	513.350	-154.992	1285.839
216.000	513.340	-195.808	1291.848
217.000	513.330	-193.325	1297.829
218.000	513.320	-171.092	1303.838
219.000	513.310	-160.150	1309.852
220.000	513.300	-126.300	1315.833
221.000	513.290	-126.892	1321.850
222.000	513.280	-149.333	1327.830
223.000	513.270	-124.042	1333.844
224.000	513.260	-135.517	1339.855
225.000	513.250	-159.983	1345.841
226.000	513.240	-132.775	1351.845
227.000	513.230	-167.592	1357.836
228.000	513.220	-179.075	1363.849
229.000	513.210	-178.983	1369.828
230.000	513.200	-180.900	1375.841
231.000	513.190	-149.567	1381.855
232.000	513.180	-136.233	1387.835
233.000	513.170	-135.708	1393.850
234.000	513.160	-152.158	1399.834
235.000	513.150	-155.133	1405.845
236.000	513.140	-174.525	1411.860
237.000	513.130	-172.700	1417.845
238.000	513.120	-152.575	1423.838
239.000	513.110	-158.008	1429.856
240.000	513.100	-143.950	1435.831
241.000	513.090	-133.433	1441.844
242.000	513.080	-123.233	1447.858
243.000	513.070	-154.017	1453.847
244.000	513.060	-157.608	1459.859
245.000	513.050	-142.267	1465.839
246.000	513.040	-131.308	1471.855
247.000	513.030	-118.900	1477.842
248.000	513.020	-130.958	1483.857
249.000	513.010	-143.233	1489.844
250.000	513.000	-145.525	1495.863
251.000	512.990	-158.942	1501.846
252.000	512.980	-131.567	1507.860
253.000	512.970	-131.408	1513.846
254.000	512.960	-138.750	1519.861
255.000	512.950	-129.900	1525.845
256.000	512.940	-108.958	1531.859
257.000	512.930	-118.517	1537.846
258.000	512.920	-128.200	1543.857
259.000	512.910	-133.067	1549.849
260.000	512.900	-168.833	1555.865
261.000	512.890	-164.317	1561.856
262.000	512.880	-178.733	1567.845
263.000	512.870	-181.708	1573.856
264.000	512.860	-171.925	1579.838
265.000	512.850	-190.525	1585.852
266.000	512.840	-179.283	1591.840
267.000	512.830	-131.025	1597.856
268.000	512.820	-158.192	1603.846
269.000	512.810	-161.108	1609.860
270.000	512.800	-186.908	1615.850
271.000	512.790	-203.708	1621.862
272.000	512.780	-200.375	1627.846
273.000	512.770	-216.142	1633.860
274.000	512.760	-199.750	1639.840
275.000	512.750	-195.583	1645.854
276.000	512.740	-147.292	1651.829
277.000	512.730	-127.483	1657.848
278.000	512.720	-138.050	1663.856
279.000	512.710	-134.208	1669.844
280.000	512.700	-138.492	1675.857
281.000	512.690	-136.608	1681.861
282.000	512.680	-122.517	1687.866
283.000	512.670	-142.450	1693.870
284.000	512.660	-120.442	1699.854
285.000	512.650	-134.417	1705.860
286.000	512.640	-113.633	1711.864
287.000	512.630	-117.108	1717.869
288.000	512.620	-151.408	1723.850
289.000	512.610	-148.217	1729.854
290.000	512.600	-128.067	1735.859
291.000	512.590	-104.900	1741.870
292.000	512.580	-118.067	1747.858
293.000	512.570	-130.508	1753.843
294.000	512.560	-142.983	1759.860
295.000	512.550	-149.775	1765.929
296.000	512.540	-153.550	1771.843
297.000	512.530	-132.850	1777.860
298.000	512.520	-149.500	1783.841
299.000	512.510	-162.675	1789.858
300.000	512.500	-150.233	1795.872
301.000	512.490	-176.550	1801.856
302.000	512.480	-154.183	1807.868
303.000	512.470	-135.708	1813.858
304.000	512.460	-135.833	1819.870
305.000	512.450	-168.558	1825.847
306.000	512.440	-157.417	1831.863
307.000	512.430	-151.517	1837.851
308.000	512.420	-154.708	1843.860
309.000	512.410	-161.608	1849.873
310.000	512.400	-149.817	1855.856
311.000	512.390	-145.717	1861.869
312.000	512.380	-153.000	1867.853
313.000	512.370	-131.042	1873.866
314.000	512.360	-155.183	1879.857
315.000	512.350	-153.650	1885.871
316.000	512.340	-169.350	1891.863
317.000	512.330	-167.317	1897.879
318.000	512.320	-160.508	1903.864
319.000	512.310	-122.633	1909.851
320.000	512.300	-131.667	1915.867
321.000	512.290	-163.367	1921.856
322.000	512.280	-178.367	1927.869
323.000	512.270	-150.525	1933.857
324.000	512.260	-136.142	1939.870
325.000	512.250	-164.200	1945.860
326.000	512.240	-151.608	1951.875
327.000	512.230	-143.842	1957.854
328.000	512.220	-167.900	1963.870
329.000	512.210	-171.475	1969.852
330.000	512.200	-146.450	1975.865
331.000	512.190	-125.425	1981.880
332.000	512.180	-120.400	1987.860
333.000	512.170	-143.008	1993.875
334.000	512.160	-152.450	1999.856
335.000	512.150	-136.642	2005.866
336.000	512.140	-140.592	2011.877
337.000	512.130	-130.117	2017.862
338.000	512.120	-135.200	2023.875
339.000	512.110	-143.975	2029.848
340.000	512.100	-152.225	2035.862
341.000	512.090	-168.367	2041.878
342.000	512.080	-163.750	2047.855
343.000	512.070	-148.058	2053.867
344.000	512.060	-166.375	2059.880
345.000	512.050	-167.083	2065.870
346.000	512.040	-174.275	2071.885
347.000	512.030	-162.475	2077.871
348.000	512.020	-140.575	2083.880
349.000	512.010	-135.225	2089.859
350.000	512.000	-142.642	2095.874
351.000	511.990	-131.342	2101.881
352.000	511.980	-140.183	2107.860
353.000	511.970	-124.142	2113.863
354.000	511.960	-127.067	2119.879
355.000	511.950	-151.917	2125.857
356.000	511.940	-118.625	2131.863
357.000	511.930	-116.817	2137.881
358.000	511.920	-166.792	2143.886
359.000	511.910	-126.858	2149.870
360.000	511.900	-160.158	2155.877
361.000	511.890	-172.258	2161.882
362.000	511.880	-163.858	2167.887
363.000	511.870	-166.000	2173.868
364.000	511.860	-146.167	2179.872
365.000	511.850	-139.917	2185.876
366.000	511.840	-127.542	2191.882
367.000	511.830	-116.142	2197.888
368.000	511.820	-141.800	2203.870
369.000	511.810	-155.658	2209.876
370.000	511.800	-158.108	2215.890
371.000	511.790	-132.650	2221.878
372.000	511.780	-118.175	2227.882
373.000	511.770	-148.275	2233.873
374.000	511.760	-129.258	2239.880
375.000	511.750	-110.675	2245.875
376.000	511.740	-138.567	2251.880
377.000	511.730	-112.367	2257.873
378.000	511.720	-108.850	2263.881
379.000	511.710	-106.417	2269.870
380.000	511.700	-99.117	2275.884
381.000	511.690	-136.617	2281.890
382.000	511.680	-133.875	2287.874
383.000	511.670	-114.225	2293.881
384.000	511.660	-122.808	2299.885
385.000	511.650	-155.708	2305.794
386.000	511.640	-152.442	2311.881
387.000	511.630	-151.783	2317.854
388.000	511.620	-164.183	2323.862
389.000	511.610	-151.250	2329.833
390.000	511.600	-159.500	2335.841
391.000	511.590	-163.958	2341.857
392.000	511.580	-178.775	2347.864
393.000	511.570	-160.392	2353.872
394.000	511.560	-161.292	2359.881
395.000	511.550	-187.017	2365.889
396.000	511.540	-178.500	2371.875
397.000	511.530	-179.217	2377.889
398.000	511.520	-177.617	2383.875
399.000	511.510	-134.025	2389.888
400.000	511.500	-127.025	2395.894
401.000	511.490	-145.392	2401.877
402.000	511.480	-135.483	2407.886
403.000	511.470	-158.233	2413.891
404.000	511.460	-164.658	2419.830
405.000	511.450	-165.783	2425.863
406.000	511.440	-161.067	2431.879
407.000	511.430	-160.658	2437.885
408.000	511.420	-156.625	2443.878
409.000	511.410	-137.183	2449.883
410.000	511.400	-126.517	2455.797
411.000	511.390	-147.158	2461.874
412.000	511.380	-184.658	2467.880
413.000	511.370	-191.508	2473.883
414.000	511.360	-149.667	2479.890
415.000	511.350	-174.542	2485.896
416.000	511.340	-136.167	2491.883
417.000	511.330	-120.758	2497.896
418.000	511.320	-121.250	2503.888
419.000	511.310	-128.733	2509.876
420.000	511.300	-120.267	2515.895
421.000	511.290	-105.625	2521.883
422.000	511.280	-102.108	2527.895
423.000	511.270	-108.483	2533.877
424.000	511.260	-110.283	2539.895
425.000	511.250	-134.783	2545.887
426.000	511.240	-111.083	2551.802
427.000	511.230	-93.208	2557.894
428.000	511.220	-116.967	2563.882
429.000	511.210	-140.675	2569.895
430.000	511.200	-133.417	2575.884
431.000	511.190	-131.342	2581.895
432.000	511.180	-106.958	2587.799
433.000	511.170	-112.542	2593.801
434.000	511.160	-120.325	2599.803
435.000	511.150	-135.308	2605.873
436.000	511.140	-132.217	2611.888
437.000	511.130	-117.358	2617.893
438.000	511.120	-114.000	2623.797
439.000	511.110	-130.967	2629.798
440.000	511.100	-117.483	2635.802
441.000	511.090	-124.550	2641.877
442.000	511.080	-137.308	2647.887
443.000	511.070	-128.683	2653.889
444.000	511.060	-119.817	2659.893
445.000	511.050	-112.533	2665.800
446.000	511.040	-109.400	2671.806
447.000	511.030	-124.950	2677.887
448.000	511.020	-128.150	2683.803
449.000	511.010	-146.575	2689.890
450.000	511.000	-147.842	2695.893
451.000	510.990	-116.975	2701.798
452.000	510.980	-119.500	2707.800
453.000	510.970	-118.608	2713.803
454.000	510.960	-125.267	2719.808
455.000	510.950	-109.817	2725.895
456.000	510.940	-130.375	2731.803
457.000	510.930	-111.317	2737.888
458.000	510.920	-108.550	2743.896
459.000	510.910	-108.758	2749.800
460.000	510.900	-121.950	2755.804
461.000	510.890	-120.767	2761.808
462.000	510.880	-140.967	2767.889
463.000	510.870	-133.225	2773.897
464.000	510.860	-135.342	2779.802
465.000	510.850	-140.142	2785.805
466.000	510.840	-134.250	2791.799
467.000	510.830	-116.550	2797.810
468.000	510.820	-105.742	2803.895
469.000	510.810	-99.467	2809.810
470.000	510.800	-102.242	2815.891
471.000	510.790	-117.500	2821.797
472.000	510.780	-98.433	2827.812
473.000	510.770	-120.958	2833.891
474.000	510.760	-155.025	2839.802
475.000	510.750	-113.467	2845.810
476.000	510.740	-120.942	2851.888
477.000	510.730	-114.333	2857.893
478.000	510.720	-133.117	2863.808
479.000	510.710	-120.567	2869.798
480.000	510.700	-130.908	2875.800
481.000	510.690	-123.592	2881.803
482.000	510.680	-95.508	2887.808
483.000	510.670	-99.125	2893.884
484.000	510.660	-119.392	2899.804
485.000	510.650	-106.575	2905.812
486.000	510.640	-105.383	2911.895
487.000	510.630	-112.508	2917.808
488.000	510.620	-138.708	2923.892
489.000	510.610	-110.108	2929.808
490.000	510.600	-103.842	2935.890
491.000	510.590	-97.000	2941.805
492.000	510.580	-113.558	2947.812
493.000	510.570	-100.817	2953.817
494.000	510.560	-123.883	2959.799
495.000	510.550	-109.767	2965.807
496.000	510.540	-114.817	2971.815
497.000	510.530	-114.917	2977.801
498.000	510.520	-112.125	2983.817
499.000	510.510	-98.392	2989.801
500.000	510.500	-77.083	2995.809
501.000	510.490	0.000	3001.813
