0.000000	19.759000	144.282489	0.004843
1.000000	19.761000	144.311634	0.004647
2.000000	19.763000	144.340783	0.004892
3.000000	19.765000	144.369934	0.004672
4.000000	19.767000	144.399088	0.004867
5.000000	19.769000	144.428245	0.004794
6.000000	19.771000	144.457405	0.004696
7.000000	19.773000	144.486568	0.004403
8.000000	19.775000	144.515734	0.004745
9.000000	19.777000	144.544903	0.004599
10.000000	19.779000	144.574075	0.004818
11.000000	19.781000	144.603249	0.004696
12.000000	19.783000	144.632427	0.004306
13.000000	19.785000	144.661608	0.004818
14.000000	19.787000	144.690791	0.004379
15.000000	19.789000	144.719978	0.004745
16.000000	19.791000	144.749167	0.004525
17.000000	19.793000	144.778360	0.004550
18.000000	19.795000	144.807555	0.004843
19.000000	19.797000	144.836753	0.004550
20.000000	19.799000	144.865954	0.004281
21.000000	19.801000	144.895159	0.004159
22.000000	19.803000	144.924366	0.004794
23.000000	19.805000	144.953576	0.004672
24.000000	19.807000	144.982789	0.004354
25.000000	19.809000	145.012005	0.004721
26.000000	19.811000	145.041224	0.004477
27.000000	19.813000	145.070446	0.004550
28.000000	19.815000	145.099670	0.004672
29.000000	19.817000	145.128898	0.004574
30.000000	19.819000	145.158129	0.004306
31.000000	19.821000	145.187362	0.004452
32.000000	19.823000	145.216599	0.004647
33.000000	19.825000	145.245838	0.004379
34.000000	19.827000	145.275081	0.004501
35.000000	19.829000	145.304326	0.004843
36.000000	19.831000	145.333575	0.004184
37.000000	19.833000	145.362826	0.004818
38.000000	19.835000	145.392080	0.004745
39.000000	19.837000	145.421337	0.004843
40.000000	19.839000	145.450597	0.005014
41.000000	19.841000	145.479860	0.004525
42.000000	19.843000	145.509126	0.004574
43.000000	19.845000	145.538395	0.004696
44.000000	19.847000	145.567667	0.004989
45.000000	19.849000	145.596942	0.004794
46.000000	19.851000	145.626220	0.004696
47.000000	19.853000	145.655500	0.005038
48.000000	19.855000	145.684784	0.004770
49.000000	19.857000	145.714071	0.004574
50.000000	19.859000	145.743360	0.004745
51.000000	19.861000	145.772653	0.004354
52.000000	19.863000	145.801948	0.004525
53.000000	19.865000	145.831246	0.004794
54.000000	19.867000	145.860548	0.004403
55.000000	19.869000	145.889852	0.004403
56.000000	19.871000	145.919159	0.004599
57.000000	19.873000	145.948469	0.004574
58.000000	19.875000	145.977782	0.004403
59.000000	19.877000	146.007099	0.004599
60.000000	19.879000	146.036417	0.004379
61.000000	19.881000	146.065739	0.004574
62.000000	19.883000	146.095064	0.004428
63.000000	19.885000	146.124392	0.004550
64.000000	19.887000	146.153723	0.004525
65.000000	19.889000	146.183057	0.004452
66.000000	19.891000	146.212393	0.004306
67.000000	19.893000	146.241733	0.004477
68.000000	19.895000	146.271075	0.004672
69.000000	19.897000	146.300421	0.004672
70.000000	19.899000	146.329769	0.004696
71.000000	19.901000	146.359120	0.004501
72.000000	19.903000	146.388475	0.004940
73.000000	19.905000	146.417832	0.004818
74.000000	19.907000	146.447192	0.004672
75.000000	19.909000	146.476555	0.004818
76.000000	19.911000	146.505921	0.004574
77.000000	19.913000	146.535290	0.004965
78.000000	19.915000	146.564662	0.004892
79.000000	19.917000	146.594037	0.004672
80.000000	19.919000	146.623415	0.004818
81.000000	19.921000	146.652796	0.004672
82.000000	19.923000	146.682180	0.004623
83.000000	19.925000	146.711566	0.004599
84.000000	19.927000	146.740956	0.004770
85.000000	19.929000	146.770348	0.004477
86.000000	19.931000	146.799744	0.004794
87.000000	19.933000	146.829142	0.004110
88.000000	19.935000	146.858544	0.004696
89.000000	19.937000	146.887948	0.004403
90.000000	19.939000	146.917355	0.004525
91.000000	19.941000	146.946765	0.004550
92.000000	19.943000	146.976179	0.004525
93.000000	19.945000	147.005595	0.004721
94.000000	19.947000	147.035014	0.004550
95.000000	19.949000	147.064436	0.004672
96.000000	19.951000	147.093861	0.004696
97.000000	19.953000	147.123289	0.004843
98.000000	19.955000	147.152719	0.004379
99.000000	19.957000	147.182153	0.004477
100.000000	19.959000	147.211590	0.004599
101.000000	19.961000	147.241030	0.004574
102.000000	19.963000	147.270472	0.004428
103.000000	19.965000	147.299918	0.004428
104.000000	19.967000	147.329366	0.004892
105.000000	19.969000	147.358818	0.004647
106.000000	19.971000	147.388272	0.004599
107.000000	19.973000	147.417729	0.004672
108.000000	19.975000	147.447190	0.004672
109.000000	19.977000	147.476653	0.004770
110.000000	19.979000	147.506119	0.004574
111.000000	19.981000	147.535588	0.004525
112.000000	19.983000	147.565060	0.004745
113.000000	19.985000	147.594535	0.004672
114.000000	19.987000	147.624013	0.004599
115.000000	19.989000	147.653494	0.004550
116.000000	19.991000	147.682978	0.004599
117.000000	19.993000	147.712464	0.004745
118.000000	19.995000	147.741954	0.004574
119.000000	19.997000	147.771447	0.004428
120.000000	19.999000	147.800942	0.004818
121.000000	20.001000	147.830441	0.004501
122.000000	20.003000	147.859942	0.004354
123.000000	20.005000	147.889447	0.004330
124.000000	20.007000	147.918954	0.004501
125.000000	20.009000	147.948464	0.004379
126.000000	20.011000	147.977977	0.003720
127.000000	20.013000	148.007494	0.004354
128.000000	20.015000	148.037013	0.004574
129.000000	20.017000	148.066535	0.004354
130.000000	20.019000	148.096060	0.004452
131.000000	20.021000	148.125588	0.004574
132.000000	20.023000	148.155119	0.004696
133.000000	20.025000	148.184652	0.004403
134.000000	20.027000	148.214189	0.004428
135.000000	20.029000	148.243729	0.004574
136.000000	20.031000	148.273272	0.004330
137.000000	20.033000	148.302817	0.004477
138.000000	20.035000	148.332366	0.004501
139.000000	20.037000	148.361917	0.004477
140.000000	20.039000	148.391472	0.004721
141.000000	20.041000	148.421029	0.004770
142.000000	20.043000	148.450590	0.004599
143.000000	20.045000	148.480153	0.004770
144.000000	20.047000	148.509719	0.004599
145.000000	20.049000	148.539288	0.004403
146.000000	20.051000	148.568860	0.004379
147.000000	20.053000	148.598435	0.004550
148.000000	20.055000	148.628013	0.004550
149.000000	20.057000	148.657594	0.004647
150.000000	20.059000	148.687178	0.004403
151.000000	20.061000	148.716765	0.004623
152.000000	20.063000	148.746355	0.004843
153.000000	20.065000	148.775947	0.004574
154.000000	20.067000	148.805543	0.004354
155.000000	20.069000	148.835142	0.004257
156.000000	20.071000	148.864743	0.003915
157.000000	20.073000	148.894348	0.004257
158.000000	20.075000	148.923955	0.004623
159.000000	20.077000	148.953566	0.004525
160.000000	20.079000	148.983179	0.004403
161.000000	20.081000	149.012795	0.004574
162.000000	20.083000	149.042414	0.004428
163.000000	20.085000	149.072036	0.004452
164.000000	20.087000	149.101662	0.004550
165.000000	20.089000	149.131290	0.004623
166.000000	20.091000	149.160921	0.004501
167.000000	20.093000	149.190555	0.004306
168.000000	20.095000	149.220191	0.004477
169.000000	20.097000	149.249831	0.004428
170.000000	20.099000	149.279474	0.004428
171.000000	20.101000	149.309120	0.004525
172.000000	20.103000	149.338768	0.004623
173.000000	20.105000	149.368420	0.004501
174.000000	20.107000	149.398075	0.004403
175.000000	20.109000	149.427732	0.004428
176.000000	20.111000	149.457392	0.004672
177.000000	20.113000	149.487055	0.004379
178.000000	20.115000	149.516722	0.004477
179.000000	20.117000	149.546391	0.004306
180.000000	20.119000	149.576063	0.004184
181.000000	20.121000	149.605739	0.003866
182.000000	20.123000	149.635416	0.003622
183.000000	20.125000	149.665097	0.003549
184.000000	20.127000	149.694781	0.003524
185.000000	20.129000	149.724468	0.002035
186.000000	20.131000	149.754158	0.001474
187.000000	20.133000	149.783851	0.001767
188.000000	20.135000	149.813547	0.001205
189.000000	20.137000	149.843245	0.000912
190.000000	20.139000	149.872947	0.000302
191.000000	20.141000	149.902651	-0.000748
192.000000	20.143000	149.932359	0.000277
193.000000	20.145000	149.962070	0.001107
194.000000	20.147000	149.991783	0.001864
195.000000	20.149000	150.021499	0.001840
196.000000	20.151000	150.051218	0.002279
197.000000	20.153000	150.080941	0.003305
198.000000	20.155000	150.110666	0.003769
199.000000	20.157000	150.140394	0.004061
200.000000	20.159000	150.170125	0.004135
201.000000	20.161000	150.199859	0.003939
202.000000	20.163000	150.229596	0.004061
203.000000	20.165000	150.259336	0.003598
204.000000	20.167000	150.289078	0.004428
205.000000	20.169000	150.318824	0.004550
206.000000	20.171000	150.348573	0.003939
207.000000	20.173000	150.378325	0.004184
208.000000	20.175000	150.408079	0.003988
209.000000	20.177000	150.437837	0.004184
210.000000	20.179000	150.467597	0.003720
211.000000	20.181000	150.497361	0.004013
212.000000	20.183000	150.527127	0.003427
213.000000	20.185000	150.556896	0.003573
214.000000	20.187000	150.586669	0.002987
215.000000	20.189000	150.616444	0.001913
216.000000	20.191000	150.646222	0.000888
217.000000	20.193000	150.676003	0.001522
218.000000	20.195000	150.705787	-0.000382
219.000000	20.197000	150.735574	-0.000577
220.000000	20.199000	150.765364	-0.001822
221.000000	20.201000	150.795157	-0.005021
222.000000	20.203000	150.824953	-0.005704
223.000000	20.205000	150.854752	-0.006681
224.000000	20.207000	150.884553	-0.004264
225.000000	20.209000	150.914358	-0.008170
226.000000	20.211000	150.944165	-0.006607
227.000000	20.213000	150.973976	-0.004703
228.000000	20.215000	151.003789	-0.002970
229.000000	20.217000	151.033606	-0.001871
230.000000	20.219000	151.063425	-0.000650
231.000000	20.221000	151.093248	0.000131
232.000000	20.223000	151.123072	0.001181
233.000000	20.225000	151.152901	0.001498
234.000000	20.227000	151.182732	0.002133
235.000000	20.229000	151.212566	0.002597
236.000000	20.231000	151.242403	0.002572
237.000000	20.233000	151.272243	0.003476
238.000000	20.235000	151.302086	0.003305
239.000000	20.237000	151.331932	0.003158
240.000000	20.239000	151.361780	0.003769
241.000000	20.241000	151.391632	0.003451
242.000000	20.243000	151.421487	0.003524
243.000000	20.245000	151.451345	0.002938
244.000000	20.247000	151.481205	0.002890
245.000000	20.249000	151.511069	0.002133
246.000000	20.251000	151.540935	0.000155
247.000000	20.253000	151.570804	-0.001847
248.000000	20.255000	151.600677	-0.003653
249.000000	20.257000	151.630552	-0.011319
250.000000	20.259000	151.660430	-0.016324
251.000000	20.261000	151.690312	-0.025724
252.000000	20.263000	151.720195	-0.039005
253.000000	20.265000	151.750083	-0.052970
254.000000	20.267000	151.779972	-0.062589
255.000000	20.269000	151.809866	-0.077579
256.000000	20.271000	151.839761	-0.088736
257.000000	20.273000	151.869660	-0.095157
258.000000	20.275000	151.899562	-0.102677
259.000000	20.277000	151.929466	-0.099479
260.000000	20.279000	151.959375	-0.091788
261.000000	20.281000	151.989285	-0.072770
262.000000	20.283000	152.019199	-0.057682
263.000000	20.285000	152.049115	-0.035318
264.000000	20.287000	152.079034	-0.026871
265.000000	20.289000	152.108957	-0.015616
266.000000	20.291000	152.138882	-0.004728
267.000000	20.293000	152.168811	-0.003629
268.000000	20.295000	152.198741	-0.002091
269.000000	20.297000	152.228676	0.000302
270.000000	20.299000	152.258613	-0.000064
271.000000	20.301000	152.288552	0.000180
272.000000	20.303000	152.318496	0.000912
273.000000	20.305000	152.348441	0.001010
274.000000	20.307000	152.378391	0.001767
275.000000	20.309000	152.408342	0.002108
276.000000	20.311000	152.438297	0.000961
277.000000	20.313000	152.468255	0.000424
278.000000	20.315000	152.498215	-0.001017
279.000000	20.317000	152.528179	-0.001822
280.000000	20.319000	152.558145	-0.005143
281.000000	20.321000	152.588115	-0.006485
282.000000	20.323000	152.618087	-0.014933
283.000000	20.325000	152.648063	-0.023282
284.000000	20.327000	152.678041	-0.046622
285.000000	20.329000	152.708022	-0.065592
286.000000	20.331000	152.738007	-0.101114
287.000000	20.333000	152.767993	-0.139664
288.000000	20.335000	152.797984	-0.188150
289.000000	20.337000	152.827976	-0.227359
290.000000	20.339000	152.857973	-0.274601
291.000000	20.341000	152.887971	-0.311051
292.000000	20.343000	152.917973	-0.318521
293.000000	20.345000	152.947978	-0.339371
294.000000	20.347000	152.977986	-0.313175
295.000000	20.349000	153.007997	-0.282486
296.000000	20.351000	153.038010	-0.220792
297.000000	20.353000	153.068027	-0.172208
298.000000	20.355000	153.098046	-0.109147
299.000000	20.357000	153.128068	-0.072086
300.000000	20.359000	153.158094	-0.042398
301.000000	20.361000	153.188122	-0.027652
302.000000	20.363000	153.218154	-0.017740
303.000000	20.365000	153.248188	-0.015641
304.000000	20.367000	153.278225	-0.012076
305.000000	20.369000	153.308265	-0.013077
306.000000	20.371000	153.338308	-0.012027
307.000000	20.373000	153.368354	-0.006827
308.000000	20.375000	153.398403	-0.008609
309.000000	20.377000	153.428455	-0.005899
310.000000	20.379000	153.458510	-0.009757
311.000000	20.381000	153.488568	-0.007096
312.000000	20.383000	153.518628	-0.012638
313.000000	20.385000	153.548691	-0.016397
314.000000	20.387000	153.578759	-0.020572
315.000000	20.389000	153.608828	-0.027872
316.000000	20.391000	153.638901	-0.038541
317.000000	20.393000	153.668976	-0.059708
318.000000	20.395000	153.699055	-0.091837
319.000000	20.397000	153.729136	-0.138932
320.000000	20.399000	153.759220	-0.200040
321.000000	20.401000	153.789307	-0.281339
322.000000	20.403000	153.819397	-0.354874
323.000000	20.405000	153.849491	-0.446842
324.000000	20.407000	153.879586	-0.539640
325.000000	20.409000	153.909686	-0.653263
326.000000	20.411000	153.939787	-0.713785
327.000000	20.413000	153.969893	-0.767594
328.000000	20.415000	154.000000	-0.703531
329.000000	20.417000	154.030110	-0.577945
330.000000	20.419000	154.060225	-0.385782
331.000000	20.421000	154.090341	-0.241446
332.000000	20.423000	154.120461	-0.132730
333.000000	20.425000	154.150583	-0.077140
334.000000	20.427000	154.180709	-0.041739
335.000000	20.429000	154.210837	-0.035196
336.000000	20.431000	154.240968	-0.026334
337.000000	20.433000	154.271103	-0.023697
338.000000	20.435000	154.301240	-0.017984
339.000000	20.437000	154.331380	-0.016642
340.000000	20.439000	154.361523	-0.013224
341.000000	20.441000	154.391670	-0.004776
342.000000	20.443000	154.421818	-0.000724
343.000000	20.445000	154.451970	0.007333
344.000000	20.447000	154.482125	0.004867
345.000000	20.449000	154.512283	0.004818
346.000000	20.451000	154.542444	0.004013
347.000000	20.453000	154.572607	0.003915
348.000000	20.455000	154.602775	0.001059
349.000000	20.457000	154.632944	0.000473
350.000000	20.459000	154.663116	-0.003946
351.000000	20.461000	154.693292	-0.005948
352.000000	20.463000	154.723470	-0.011344
353.000000	20.465000	154.753652	-0.019864
354.000000	20.467000	154.783836	-0.027652
355.000000	20.469000	154.814024	-0.040909
356.000000	20.471000	154.844214	-0.049015
357.000000	20.473000	154.874406	-0.060831
358.000000	20.475000	154.904603	-0.077140
359.000000	20.477000	154.934802	-0.086148
360.000000	20.479000	154.965004	-0.092105
361.000000	20.481000	154.995209	-0.086905
362.000000	20.483000	155.025417	-0.074503
363.000000	20.485000	155.055627	-0.052677
364.000000	20.487000	155.085841	-0.035074
365.000000	20.489000	155.116058	-0.018399
366.000000	20.491000	155.146277	-0.010611
367.000000	20.493000	155.176500	-0.004435
368.000000	20.495000	155.206726	-0.003580
369.000000	20.497000	155.236955	-0.001603
370.000000	20.499000	155.267186	-0.001285
371.000000	20.501000	155.297420	-0.001432
372.000000	20.503000	155.327657	-0.001285
373.000000	20.505000	155.357897	0.000082
374.000000	20.507000	155.388141	0.000302
375.000000	20.509000	155.418387	0.001132
376.000000	20.511000	155.448636	0.002108
377.000000	20.513000	155.478888	0.001815
378.000000	20.515000	155.509143	0.002743
379.000000	20.517000	155.539401	0.002304
380.000000	20.519000	155.569662	0.002890
381.000000	20.521000	155.599926	0.002841
382.000000	20.523000	155.630192	0.002011
383.000000	20.525000	155.660462	0.002304
384.000000	20.527000	155.690735	0.000888
385.000000	20.529000	155.721010	0.002108
386.000000	20.531000	155.751289	-0.000235
387.000000	20.533000	155.781570	0.000985
388.000000	20.535000	155.811855	-0.000602
389.000000	20.537000	155.842142	-0.001798
390.000000	20.539000	155.872433	-0.001041
391.000000	20.541000	155.902726	-0.004752
392.000000	20.543000	155.933021	-0.004459
393.000000	20.545000	155.963321	-0.005021
394.000000	20.547000	155.993623	-0.005509
395.000000	20.549000	156.023928	-0.004923
396.000000	20.551000	156.054236	-0.001480
397.000000	20.553000	156.084547	-0.000748
398.000000	20.555000	156.114861	0.002523
399.000000	20.557000	156.145177	0.002548
400.000000	20.559000	156.175497	0.002816
401.000000	20.561000	156.205820	0.003231
402.000000	20.563000	156.236146	0.003646
403.000000	20.565000	156.266474	0.003427
404.000000	20.567000	156.296806	0.003646
405.000000	20.569000	156.327140	0.003134
406.000000	20.571000	156.357477	0.003231
407.000000	20.573000	156.387818	0.003671
408.000000	20.575000	156.418161	0.002987
409.000000	20.577000	156.448507	0.003915
410.000000	20.579000	156.478856	0.003207
411.000000	20.581000	156.509209	0.003573
412.000000	20.583000	156.539563	0.003427
413.000000	20.585000	156.569921	0.003500
414.000000	20.587000	156.600282	0.002816
415.000000	20.589000	156.630646	0.003500
416.000000	20.591000	156.661013	0.003598
417.000000	20.593000	156.691383	0.002841
418.000000	20.595000	156.721756	0.003109
419.000000	20.597000	156.752131	0.002768
420.000000	20.599000	156.782509	0.003305
421.000000	20.601000	156.812891	0.002328
422.000000	20.603000	156.843276	0.002597
423.000000	20.605000	156.873664	0.002182
424.000000	20.607000	156.904053	0.000937
425.000000	20.609000	156.934447	0.001645
426.000000	20.611000	156.964843	0.001376
427.000000	20.613000	156.995242	0.002328
428.000000	20.615000	157.025645	0.002377
429.000000	20.617000	157.056049	0.002230
430.000000	20.619000	157.086458	0.002230
431.000000	20.621000	157.116868	0.002597
432.000000	20.623000	157.147283	0.001693
433.000000	20.625000	157.177699	0.003158
434.000000	20.627000	157.208119	0.002084
435.000000	20.629000	157.238542	0.002206
436.000000	20.631000	157.268967	0.002572
437.000000	20.633000	157.299397	0.002206
438.000000	20.635000	157.329828	0.002279
439.000000	20.637000	157.360263	0.002670
440.000000	20.639000	157.390700	0.002450
441.000000	20.641000	157.421140	0.002230
442.000000	20.643000	157.451584	0.002157
443.000000	20.645000	157.482030	0.002182
444.000000	20.647000	157.512479	0.002890
445.000000	20.649000	157.542931	0.002157
446.000000	20.651000	157.573387	0.002084
447.000000	20.653000	157.603845	0.002475
448.000000	20.655000	157.634305	0.002426
449.000000	20.657000	157.664770	0.002548
450.000000	20.659000	157.695236	0.002499
451.000000	20.661000	157.725706	0.002670
452.000000	20.663000	157.756179	0.002499
453.000000	20.665000	157.786655	0.002304
454.000000	20.667000	157.817133	0.002426
455.000000	20.669000	157.847616	0.002719
456.000000	20.671000	157.878100	0.002645
457.000000	20.673000	157.908587	0.002206
458.000000	20.675000	157.939078	0.001937
459.000000	20.677000	157.969571	0.002353
460.000000	20.679000	158.000068	0.002279
461.000000	20.681000	158.030567	0.002645
462.000000	20.683000	158.061069	0.001791
463.000000	20.685000	158.091574	0.002914
464.000000	20.687000	158.122082	0.002816
465.000000	20.689000	158.152593	0.002914
466.000000	20.691000	158.183107	0.002548
467.000000	20.693000	158.213624	0.003207
468.000000	20.695000	158.244144	0.002719
469.000000	20.697000	158.274667	0.002865
470.000000	20.699000	158.305193	0.002987
471.000000	20.701000	158.335721	0.003280
472.000000	20.703000	158.366253	0.003354
473.000000	20.705000	158.396787	0.002743
474.000000	20.707000	158.427325	0.003549
475.000000	20.709000	158.457865	0.003207
476.000000	20.711000	158.488409	0.002963
477.000000	20.713000	158.518955	0.003378
478.000000	20.715000	158.549504	0.003549
479.000000	20.717000	158.580057	0.003183
480.000000	20.719000	158.610612	0.003134
481.000000	20.721000	158.641171	0.003231
482.000000	20.723000	158.671731	0.003695
483.000000	20.725000	158.702296	0.002768
484.000000	20.727000	158.732862	0.003280
485.000000	20.729000	158.763432	0.003817
486.000000	20.731000	158.794005	0.003183
487.000000	20.733000	158.824581	0.003256
488.000000	20.735000	158.855160	0.003183
489.000000	20.737000	158.885741	0.003207
490.000000	20.739000	158.916326	0.003305
491.000000	20.741000	158.946914	0.003427
492.000000	20.743000	158.977504	0.003158
493.000000	20.745000	159.008098	0.003622
494.000000	20.747000	159.038694	0.002841
495.000000	20.749000	159.069294	0.003256
496.000000	20.751000	159.099896	0.003573
497.000000	20.753000	159.130501	0.003256
498.000000	20.755000	159.161109	0.003402
499.000000	20.757000	159.191720	0.002597
500.000000	20.759000	159.222334	0.003378
501.000000	20.761000	159.252952	0.002890
502.000000	20.763000	159.283572	0.002914
503.000000	20.765000	159.314194	0.003207
504.000000	20.767000	159.344819	0.003109
505.000000	20.769000	159.375448	0.003256
506.000000	20.771000	159.406081	0.003134
507.000000	20.773000	159.436715	0.003036
508.000000	20.775000	159.467353	0.003036
509.000000	20.777000	159.497993	0.003305
510.000000	20.779000	159.528638	0.002938
511.000000	20.781000	159.559284	0.003183
512.000000	20.783000	159.589933	0.003354
513.000000	20.785000	159.620585	0.003402
514.000000	20.787000	159.651240	0.002548
515.000000	20.789000	159.681899	0.002670
516.000000	20.791000	159.712560	0.003329
517.000000	20.793000	159.743224	0.002475
518.000000	20.795000	159.773890	0.003183
519.000000	20.797000	159.804562	0.002841
520.000000	20.799000	159.835234	0.002475
521.000000	20.801000	159.865910	0.002890
522.000000	20.803000	159.896588	0.002816
523.000000	20.805000	159.927270	0.003134
524.000000	20.807000	159.957956	0.003231
525.000000	20.809000	159.988643	0.003598
526.000000	20.811000	160.019333	0.002890
527.000000	20.813000	160.050026	0.002841
528.000000	20.815000	160.080722	0.003061
529.000000	20.817000	160.111423	0.003451
530.000000	20.819000	160.142125	0.003256
531.000000	20.821000	160.172830	0.003402
532.000000	20.823000	160.203538	0.003256
533.000000	20.825000	160.234251	0.003061
534.000000	20.827000	160.264964	0.003012
535.000000	20.829000	160.295681	0.003109
536.000000	20.831000	160.326401	0.003061
537.000000	20.833000	160.357123	0.002963
538.000000	20.835000	160.387851	0.003207
539.000000	20.837000	160.418579	0.002890
540.000000	20.839000	160.449311	0.003329
541.000000	20.841000	160.480045	0.003549
542.000000	20.843000	160.510782	0.003109
543.000000	20.845000	160.541524	0.002841
544.000000	20.847000	160.572268	0.003061
545.000000	20.849000	160.603014	0.003427
546.000000	20.851000	160.633763	0.002914
547.000000	20.853000	160.664517	0.003036
548.000000	20.855000	160.695272	0.003256
549.000000	20.857000	160.726029	0.003329
550.000000	20.859000	160.756790	0.003354
551.000000	20.861000	160.787554	0.003964
552.000000	20.863000	160.818323	0.003231
553.000000	20.865000	160.849092	0.003695
554.000000	20.867000	160.879865	0.003402
555.000000	20.869000	160.910641	0.003744
556.000000	20.871000	160.941419	0.002719
557.000000	20.873000	160.972202	0.003744
558.000000	20.875000	161.002987	0.002963
559.000000	20.877000	161.033774	0.003109
560.000000	20.879000	161.064564	0.003500
561.000000	20.881000	161.095359	0.003427
562.000000	20.883000	161.126156	0.003524
563.000000	20.885000	161.156955	0.003720
564.000000	20.887000	161.187757	0.003622
565.000000	20.889000	161.218562	0.003622
566.000000	20.891000	161.249371	0.003695
567.000000	20.893000	161.280182	0.003549
568.000000	20.895000	161.310996	0.003476
569.000000	20.897000	161.341813	0.003720
570.000000	20.899000	161.372633	0.003671
571.000000	20.901000	161.403457	0.003769
572.000000	20.903000	161.434283	0.003109
573.000000	20.905000	161.465111	0.003842
574.000000	20.907000	161.495943	0.003378
575.000000	20.909000	161.526779	0.003573
576.000000	20.911000	161.557616	0.003402
577.000000	20.913000	161.588457	0.003573
578.000000	20.915000	161.619300	0.003378
579.000000	20.917000	161.650146	0.003671
580.000000	20.919000	161.680997	0.003354
581.000000	20.921000	161.711849	0.003231
582.000000	20.923000	161.742704	0.003402
583.000000	20.925000	161.773562	0.003109
584.000000	20.927000	161.804423	0.003598
585.000000	20.929000	161.835289	0.003500
586.000000	20.931000	161.866156	0.003354
587.000000	20.933000	161.897025	0.002987
588.000000	20.935000	161.927898	0.004061
589.000000	20.937000	161.958776	0.002841
590.000000	20.939000	161.989654	0.003573
591.000000	20.941000	162.020536	0.003329
592.000000	20.943000	162.051420	0.003427
593.000000	20.945000	162.082308	0.003402
594.000000	20.947000	162.113200	0.003158
595.000000	20.949000	162.144093	0.003085
596.000000	20.951000	162.174989	0.003061
597.000000	20.953000	162.205889	0.003256
598.000000	20.955000	162.236791	0.003427
599.000000	20.957000	162.267698	0.003256
600.000000	20.959000	162.298606	0.003085
601.000000	20.961000	162.329517	0.003451
602.000000	20.963000	162.360430	0.003231
603.000000	20.965000	162.391349	0.002963
604.000000	20.967000	162.422269	0.003085
605.000000	20.969000	162.453192	0.003598
606.000000	20.971000	162.484117	0.002963
607.000000	20.973000	162.515046	0.003305
608.000000	20.975000	162.545979	0.003695
609.000000	20.977000	162.576914	0.003109
610.000000	20.979000	162.607851	0.003256
611.000000	20.981000	162.638792	0.003280
612.000000	20.983000	162.669735	0.003158
613.000000	20.985000	162.700683	0.003280
614.000000	20.987000	162.731632	0.003305
615.000000	20.989000	162.762585	0.003671
616.000000	20.991000	162.793540	0.003329
617.000000	20.993000	162.824500	0.003158
618.000000	20.995000	162.855461	0.003305
619.000000	20.997000	162.886425	0.003622
620.000000	20.999000	162.917391	0.003305
621.000000	21.001000	162.948361	0.003793
622.000000	21.003000	162.979336	0.003305
623.000000	21.005000	163.010312	0.003671
624.000000	21.007000	163.041290	0.003549
625.000000	21.009000	163.072272	0.003769
626.000000	21.011000	163.103256	0.003842
627.000000	21.013000	163.134246	0.003720
628.000000	21.015000	163.165236	0.003476
629.000000	21.017000	163.196229	0.003451
630.000000	21.019000	163.227226	0.003671
631.000000	21.021000	163.258227	0.003451
632.000000	21.023000	163.289229	0.003769
633.000000	21.025000	163.320234	0.003427
634.000000	21.027000	163.351242	0.003769
635.000000	21.029000	163.382253	0.003646
636.000000	21.031000	163.413269	0.003573
637.000000	21.033000	163.444286	0.003598
638.000000	21.035000	163.475306	0.003671
639.000000	21.037000	163.506329	0.003598
640.000000	21.039000	163.537356	0.004135
641.000000	21.041000	163.568385	0.003402
642.000000	21.043000	163.599417	0.003427
643.000000	21.045000	163.630451	0.003915
644.000000	21.047000	163.661489	0.003573
645.000000	21.049000	163.692531	0.003817
646.000000	21.051000	163.723575	0.003573
647.000000	21.053000	163.754621	0.003720
648.000000	21.055000	163.785670	0.003256
649.000000	21.057000	163.816722	0.003769
650.000000	21.059000	163.847779	0.003451
651.000000	21.061000	163.878838	0.003183
652.000000	21.063000	163.909899	0.002987
653.000000	21.065000	163.940963	0.003720
654.000000	21.067000	163.972031	0.003622
655.000000	21.069000	164.003101	0.003476
656.000000	21.071000	164.034174	0.003964
657.000000	21.073000	164.065250	0.003012
658.000000	21.075000	164.096329	0.004184
659.000000	21.077000	164.127412	0.003939
660.000000	21.079000	164.158497	0.003842
661.000000	21.081000	164.189584	0.003817
662.000000	21.083000	164.220675	0.004086
663.000000	21.085000	164.251768	0.003622
664.000000	21.087000	164.282867	0.003524
665.000000	21.089000	164.313966	0.003427
666.000000	21.091000	164.345068	0.004037
667.000000	21.093000	164.376173	0.003793
668.000000	21.095000	164.407283	0.003964
669.000000	21.097000	164.438395	0.003793
670.000000	21.099000	164.469509	0.003793
671.000000	21.101000	164.500626	0.003817
672.000000	21.103000	164.531746	0.003524
673.000000	21.105000	164.562870	0.003793
674.000000	21.107000	164.593996	0.004110
675.000000	21.109000	164.625125	0.003891
676.000000	21.111000	164.656257	0.003402
677.000000	21.113000	164.687391	0.003744
678.000000	21.115000	164.718531	0.003769
679.000000	21.117000	164.749671	0.003793
680.000000	21.119000	164.780815	0.003280
681.000000	21.121000	164.811961	0.003402
682.000000	21.123000	164.843112	0.003720
683.000000	21.125000	164.874265	0.003549
684.000000	21.127000	164.905420	0.003891
685.000000	21.129000	164.936578	0.003476
686.000000	21.131000	164.967739	0.003671
687.000000	21.133000	164.998905	0.003183
688.000000	21.135000	165.030072	0.003500
689.000000	21.137000	165.061242	0.003329
690.000000	21.139000	165.092415	0.003891
691.000000	21.141000	165.123591	0.003622
692.000000	21.143000	165.154772	0.003573
693.000000	21.145000	165.185953	0.003939
694.000000	21.147000	165.217138	0.003573
695.000000	21.149000	165.248326	0.003891
696.000000	21.151000	165.279518	0.003988
697.000000	21.153000	165.310712	0.003256
698.000000	21.155000	165.341908	0.003964
699.000000	21.157000	165.373108	0.003671
700.000000	21.159000	165.404310	0.003622
701.000000	21.161000	165.435517	0.003817
702.000000	21.163000	165.466725	0.003671
703.000000	21.165000	165.497937	0.003817
704.000000	21.167000	165.529151	0.003646
705.000000	21.169000	165.560368	0.003964
706.000000	21.171000	165.591590	0.004013
707.000000	21.173000	165.622813	0.003866
708.000000	21.175000	165.654038	0.003720
709.000000	21.177000	165.685267	0.003891
710.000000	21.179000	165.716501	0.003500
711.000000	21.181000	165.747736	0.004013
712.000000	21.183000	165.778973	0.003280
713.000000	21.185000	165.810214	0.003256
714.000000	21.187000	165.841457	0.003451
715.000000	21.189000	165.872706	0.003598
716.000000	21.191000	165.903955	0.003256
717.000000	21.193000	165.935208	0.003061
718.000000	21.195000	165.966463	0.003451
719.000000	21.197000	165.997721	0.003622
720.000000	21.199000	166.028984	0.002890
721.000000	21.201000	166.060249	0.004061
722.000000	21.203000	166.091516	0.003402
723.000000	21.205000	166.122786	0.003964
724.000000	21.207000	166.154061	0.003891
725.000000	21.209000	166.185336	0.004061
726.000000	21.211000	166.216615	0.003744
727.000000	21.213000	166.247897	0.003891
728.000000	21.215000	166.279182	0.004184
729.000000	21.217000	166.310472	0.003842
730.000000	21.219000	166.341762	0.003622
731.000000	21.221000	166.373056	0.004110
732.000000	21.223000	166.404352	0.004013
733.000000	21.225000	166.435652	0.003988
734.000000	21.227000	166.466956	0.004281
735.000000	21.229000	166.498261	0.004061
736.000000	21.231000	166.529570	0.003695
737.000000	21.233000	166.560881	0.003476
738.000000	21.235000	166.592197	0.004208
739.000000	21.237000	166.623514	0.003964
740.000000	21.239000	166.654834	0.004037
741.000000	21.241000	166.686157	0.004184
742.000000	21.243000	166.717483	0.003720
743.000000	21.245000	166.748814	0.003817
744.000000	21.247000	166.780146	0.003646
745.000000	21.249000	166.811481	0.004013
746.000000	21.251000	166.842819	0.003891
747.000000	21.253000	166.874159	0.003598
748.000000	21.255000	166.905505	0.003256
749.000000	21.257000	166.936851	0.003695
750.000000	21.259000	166.968201	0.003085
751.000000	21.261000	166.999553	0.003573
752.000000	21.263000	167.030911	0.003769
753.000000	21.265000	167.062269	0.003451
754.000000	21.267000	167.093630	0.003842
755.000000	21.269000	167.124994	0.003793
756.000000	21.271000	167.156362	0.003646
757.000000	21.273000	167.187734	0.003793
758.000000	21.275000	167.219107	0.003646
759.000000	21.277000	167.250483	0.003939
760.000000	21.279000	167.281862	0.003817
761.000000	21.281000	167.313244	0.003720
762.000000	21.283000	167.344630	0.003842
763.000000	21.285000	167.376018	0.003524
764.000000	21.287000	167.407409	0.003573
765.000000	21.289000	167.438802	0.004037
766.000000	21.291000	167.470201	0.003964
767.000000	21.293000	167.501600	0.004013
768.000000	21.295000	167.533003	0.003769
769.000000	21.297000	167.564408	0.003671
770.000000	21.299000	167.595817	0.003866
771.000000	21.301000	167.627230	0.003769
772.000000	21.303000	167.658644	0.003256
773.000000	21.305000	167.690061	0.003183
774.000000	21.307000	167.721482	0.002523
775.000000	21.309000	167.752907	0.002645
776.000000	21.311000	167.784333	0.002060
777.000000	21.313000	167.815762	0.002255
778.000000	21.315000	167.847194	0.002011
779.000000	21.317000	167.878628	0.000888
780.000000	21.319000	167.910068	0.000351
781.000000	21.321000	167.941509	0.000985
782.000000	21.323000	167.972953	0.000692
783.000000	21.325000	168.004399	0.001913
784.000000	21.327000	168.035849	0.001937
785.000000	21.329000	168.067303	0.002768
786.000000	21.331000	168.098759	0.003598
787.000000	21.333000	168.130217	0.003402
788.000000	21.335000	168.161679	0.003817
789.000000	21.337000	168.193145	0.003939
790.000000	21.339000	168.224612	0.004061
791.000000	21.341000	168.256082	0.003964
792.000000	21.343000	168.287555	0.003964
793.000000	21.345000	168.319031	0.003964
794.000000	21.347000	168.350512	0.003744
795.000000	21.349000	168.381994	0.003939
796.000000	21.351000	168.413479	0.003866
797.000000	21.353000	168.444967	0.004110
798.000000	21.355000	168.476458	0.003695
799.000000	21.357000	168.507953	0.004086
800.000000	21.359000	168.539450	0.004037
801.000000	21.361000	168.570950	0.003695
802.000000	21.363000	168.602452	0.003524
803.000000	21.365000	168.633960	0.003402
804.000000	21.367000	168.665468	0.003012
805.000000	21.369000	168.696980	0.002719
806.000000	21.371000	168.728494	0.001571
807.000000	21.373000	168.760011	0.001718
808.000000	21.375000	168.791533	0.001229
809.000000	21.377000	168.823057	0.000692
810.000000	21.379000	168.854583	-0.000260
811.000000	21.381000	168.886112	-0.000187
812.000000	21.383000	168.917644	0.000058
813.000000	21.385000	168.949181	-0.000431
814.000000	21.387000	168.980718	0.001107
815.000000	21.389000	169.012259	0.001205
816.000000	21.391000	169.043803	0.002963
817.000000	21.393000	169.075352	0.002645
818.000000	21.395000	169.106901	0.004037
819.000000	21.397000	169.138454	0.004110
820.000000	21.399000	169.170010	0.003866
821.000000	21.401000	169.201568	0.003622
822.000000	21.403000	169.233131	0.003793
823.000000	21.405000	169.264696	0.003988
824.000000	21.407000	169.296263	0.003524
825.000000	21.409000	169.327833	0.004208
826.000000	21.411000	169.359407	0.003646
827.000000	21.413000	169.390985	0.004086
828.000000	21.415000	169.422564	0.004013
829.000000	21.417000	169.454146	0.003891
830.000000	21.419000	169.485731	0.003891
831.000000	21.421000	169.517321	0.004452
832.000000	21.423000	169.548911	0.003524
833.000000	21.425000	169.580505	0.003524
834.000000	21.427000	169.612102	0.003256
835.000000	21.429000	169.643702	0.002719
836.000000	21.431000	169.675306	0.001693
837.000000	21.433000	169.706912	0.000082
838.000000	21.435000	169.738520	-0.000284
839.000000	21.437000	169.770132	-0.001676
840.000000	21.439000	169.801746	-0.004947
841.000000	21.441000	169.833366	-0.006900
842.000000	21.443000	169.864986	-0.008561
843.000000	21.445000	169.896609	-0.010294
844.000000	21.447000	169.928235	-0.013297
845.000000	21.449000	169.959866	-0.011075
846.000000	21.451000	169.991498	-0.007755
847.000000	21.453000	170.023133	-0.004264
848.000000	21.455000	170.054771	-0.000602
849.000000	21.457000	170.086412	0.000399
850.000000	21.459000	170.118058	0.002890
851.000000	21.461000	170.149705	0.002572
852.000000	21.463000	170.181355	0.003500
853.000000	21.465000	170.213007	0.003646
854.000000	21.467000	170.244663	0.004013
855.000000	21.469000	170.276323	0.003427
856.000000	21.471000	170.307985	0.003500
857.000000	21.473000	170.339649	0.003476
858.000000	21.475000	170.371317	0.004159
859.000000	21.477000	170.402989	0.003793
860.000000	21.479000	170.434662	0.004061
861.000000	21.481000	170.466339	0.004306
862.000000	21.483000	170.498018	0.003622
863.000000	21.485000	170.529700	0.004135
864.000000	21.487000	170.561387	0.003720
865.000000	21.489000	170.593075	0.003891
866.000000	21.491000	170.624766	0.003793
867.000000	21.493000	170.656460	0.003842
868.000000	21.495000	170.688156	0.003305
869.000000	21.497000	170.719858	0.003378
870.000000	21.499000	170.751561	0.003109
871.000000	21.501000	170.783267	0.002743
872.000000	21.503000	170.814975	0.002206
873.000000	21.505000	170.846689	0.002182
874.000000	21.507000	170.878403	0.001645
875.000000	21.509000	170.910121	0.001010
876.000000	21.511000	170.941841	0.002011
877.000000	21.513000	170.973564	0.000741
878.000000	21.515000	171.005292	0.002499
879.000000	21.517000	171.037022	0.002328
880.000000	21.519000	171.068754	0.003451
881.000000	21.521000	171.100489	0.003622
882.000000	21.523000	171.132227	0.003842
883.000000	21.525000	171.163970	0.003793
884.000000	21.527000	171.195714	0.003622
885.000000	21.529000	171.227461	0.003646
886.000000	21.531000	171.259210	0.004037
887.000000	21.533000	171.290965	0.003842
888.000000	21.535000	171.322721	0.004013
889.000000	21.537000	171.354479	0.004086
890.000000	21.539000	171.386241	0.003476
891.000000	21.541000	171.418006	0.003964
892.000000	21.543000	171.449775	0.004061
893.000000	21.545000	171.481545	0.004013
894.000000	21.547000	171.513319	0.003744
895.000000	21.549000	171.545095	0.003671
896.000000	21.551000	171.576874	0.003720
897.000000	21.553000	171.608658	0.003573
898.000000	21.555000	171.640443	0.003695
899.000000	21.557000	171.672232	0.003329
900.000000	21.559000	171.704023	0.003646
901.000000	21.561000	171.735818	0.003109
902.000000	21.563000	171.767615	0.003085
903.000000	21.565000	171.799415	0.003085
904.000000	21.567000	171.831218	0.002963
905.000000	21.569000	171.863024	0.002792
906.000000	21.571000	171.894834	0.002206
907.000000	21.573000	171.926646	0.002133
908.000000	21.575000	171.958461	0.002523
909.000000	21.577000	171.990278	0.002743
910.000000	21.579000	172.022100	0.002670
911.000000	21.581000	172.053924	0.002792
912.000000	21.583000	172.085750	0.003061
913.000000	21.585000	172.117579	0.003793
914.000000	21.587000	172.149412	0.003842
915.000000	21.589000	172.181249	0.003646
916.000000	21.591000	172.213087	0.003622
917.000000	21.593000	172.244928	0.003915
918.000000	21.595000	172.276772	0.003988
919.000000	21.597000	172.308619	0.003671
920.000000	21.599000	172.340471	0.003646
921.000000	21.601000	172.372323	0.003891
922.000000	21.603000	172.404179	0.003891
923.000000	21.605000	172.436038	0.003866
924.000000	21.607000	172.467902	0.003573
925.000000	21.609000	172.499766	0.003817
926.000000	21.611000	172.531634	0.003964
927.000000	21.613000	172.563504	0.003769
928.000000	21.615000	172.595378	0.003476
929.000000	21.617000	172.627256	0.003500
930.000000	21.619000	172.659135	0.003524
931.000000	21.621000	172.691018	0.003280
932.000000	21.623000	172.722903	0.003061
933.000000	21.625000	172.754791	0.003500
934.000000	21.627000	172.786684	0.003476
935.000000	21.629000	172.818578	0.002914
936.000000	21.631000	172.850475	0.002963
937.000000	21.633000	172.882375	0.003061
938.000000	21.635000	172.914280	0.002279
939.000000	21.637000	172.946185	0.002499
940.000000	21.639000	172.978094	0.002255
941.000000	21.641000	173.010006	0.003231
942.000000	21.643000	173.041921	0.002914
943.000000	21.645000	173.073840	0.003695
944.000000	21.647000	173.105761	0.003305
945.000000	21.649000	173.137684	0.003500
946.000000	21.651000	173.169610	0.003939
947.000000	21.653000	173.201540	0.003036
948.000000	21.655000	173.233474	0.003793
949.000000	21.657000	173.265409	0.003720
950.000000	21.659000	173.297347	0.003939
951.000000	21.661000	173.329289	0.003695
952.000000	21.663000	173.361235	0.003573
953.000000	21.665000	173.393182	0.003622
954.000000	21.667000	173.425132	0.003964
955.000000	21.669000	173.457084	0.003988
956.000000	21.671000	173.489040	0.004135
957.000000	21.673000	173.521001	0.003671
958.000000	21.675000	173.552963	0.003769
959.000000	21.677000	173.584927	0.003671
960.000000	21.679000	173.616895	0.003939
961.000000	21.681000	173.648866	0.003964
962.000000	21.683000	173.680841	0.003866
963.000000	21.685000	173.712818	0.004086
964.000000	21.687000	173.744797	0.004061
965.000000	21.689000	173.776779	0.003573
966.000000	21.691000	173.808766	0.003622
967.000000	21.693000	173.840755	0.003402
968.000000	21.695000	173.872746	0.003646
969.000000	21.697000	173.904740	0.003231
970.000000	21.699000	173.936737	0.004110
971.000000	21.701000	173.968739	0.003769
972.000000	21.703000	174.000742	0.003085
973.000000	21.705000	174.032748	0.003964
974.000000	21.707000	174.064757	0.003549
975.000000	21.709000	174.096768	0.003402
976.000000	21.711000	174.128785	0.003915
977.000000	21.713000	174.160803	0.003524
978.000000	21.715000	174.192823	0.004061
979.000000	21.717000	174.224847	0.003573
980.000000	21.719000	174.256875	0.003964
981.000000	21.721000	174.288905	0.003866
982.000000	21.723000	174.320937	0.004061
983.000000	21.725000	174.352972	0.003866
984.000000	21.727000	174.385011	0.003769
985.000000	21.729000	174.417054	0.004159
986.000000	21.731000	174.449098	0.003891
987.000000	21.733000	174.481145	0.003769
988.000000	21.735000	174.513195	0.003769
989.000000	21.737000	174.545248	0.003939
990.000000	21.739000	174.577306	0.003817
991.000000	21.741000	174.609365	0.004013
992.000000	21.743000	174.641427	0.004013
993.000000	21.745000	174.673491	0.003939
994.000000	21.747000	174.705561	0.004110
995.000000	21.749000	174.737632	0.004208
996.000000	21.751000	174.769705	0.003769
997.000000	21.753000	174.801782	0.004184
998.000000	21.755000	174.833861	0.003891
999.000000	21.757000	174.865946	0.003573
1000.000000	21.759000	174.898031	0.003671
