0.000	513.000	-161.967	0.000
1.000	512.990	-169.467	1.799
2.000	512.980	-191.800	7.785
3.000	512.970	-187.500	13.796
4.000	512.960	-181.000	19.809
5.000	512.950	-193.667	25.792
6.000	512.940	-175.367	31.807
7.000	512.930	-168.200	37.784
8.000	512.920	-178.467	43.798
9.000	512.910	-170.033	49.769
10.000	512.900	-178.367	55.795
11.000	512.890	-193.767	61.808
12.000	512.880	-193.533	67.792
13.000	512.870	-202.367	73.806
14.000	512.860	-219.367	79.784
15.000	512.850	-220.733	85.798
16.000	512.840	-188.500	91.774
17.000	512.830	-202.100	97.791
18.000	512.820	-213.933	103.805
19.000	512.810	-208.833	109.773
20.000	512.800	-215.900	115.786
21.000	512.790	-237.400	121.800
22.000	512.780	-242.433	127.814
23.000	512.770	-255.900	133.799
24.000	512.760	-237.567	139.814
25.000	512.750	-184.033	145.799
26.000	512.740	-160.867	151.877
27.000	512.730	-144.033	157.792
28.000	512.720	-153.567	163.804
29.000	512.710	-166.100	169.796
30.000	512.700	-168.600	175.811
31.000	512.690	-159.767	181.788
32.000	512.680	-147.833	187.803
33.000	512.670	-174.333	193.816
34.000	512.660	-172.767	199.796
35.000	512.650	-160.400	205.806
36.000	512.640	-163.233	211.817
37.000	512.630	-162.300	217.796
38.000	512.620	-157.167	223.810
39.000	512.610	-141.400	229.802
40.000	512.600	-163.600	235.817
41.000	512.590	-157.767	241.802
42.000	512.580	-146.800	247.817
43.000	512.570	-152.100	253.801
44.000	512.560	-177.267	259.807
45.000	512.550	-167.167	265.801
46.000	512.540	-173.433	271.810
47.000	512.530	-197.000	277.802
48.000	512.520	-165.533	283.809
49.000	512.510	-164.800	289.821
50.000	512.500	-147.833	295.808
51.000	512.490	-177.467	301.818
52.000	512.480	-191.867	307.810
53.000	512.470	-163.333	313.800
54.000	512.460	-151.800	319.808
55.000	512.450	-157.467	325.784
56.000	512.440	-175.667	331.807
57.000	512.430	-162.200	337.820
58.000	512.420	-173.100	343.803
59.000	512.410	-173.767	349.816
60.000	512.400	-167.933	355.807
61.000	512.390	-173.967	361.821
62.000	512.380	-179.367	367.797
63.000	512.370	-172.033	373.813
64.000	512.360	-155.933	379.804
65.000	512.350	-164.267	385.813
66.000	512.340	-173.333	391.797
67.000	512.330	-166.533	397.814
68.000	512.320	-178.100	403.819
69.000	512.310	-161.367	409.823
70.000	512.300	-153.800	415.811
71.000	512.290	-146.033	421.824
72.000	512.280	-162.567	427.813
73.000	512.270	-174.433	433.825
74.000	512.260	-189.567	439.810
75.000	512.250	-157.633	445.814
76.000	512.240	-156.767	451.861
77.000	512.230	-146.033	457.795
78.000	512.220	-157.367	463.800
79.000	512.210	-158.033	469.805
80.000	512.200	-164.600	475.813
81.000	512.190	-172.667	481.823
82.000	512.180	-177.733	487.828
83.000	512.170	-151.467	493.809
84.000	512.160	-165.133	499.817
85.000	512.150	-176.233	505.824
86.000	512.140	-153.100	511.806
87.000	512.130	-173.200	517.815
88.000	512.120	-168.767	523.819
89.000	512.110	-149.100	529.824
90.000	512.100	-161.667	535.804
91.000	512.090	-171.867	541.812
92.000	512.080	-166.833	547.820
93.000	512.070	-156.533	553.828
94.000	512.060	-168.700	559.806
95.000	512.050	-140.200	565.813
96.000	512.040	-161.133	571.829
97.000	512.030	-190.300	577.806
98.000	512.020	-179.967	583.820
99.000	512.010	-177.567	589.810
100.000	512.000	-162.133	595.822
101.000	511.990	-165.633	601.800
102.000	511.980	-155.033	607.808
103.000	511.970	-134.200	613.826
104.000	511.960	-152.633	619.830
105.000	511.950	-166.400	625.810
106.000	511.940	-161.633	631.819
107.000	511.930	-155.200	637.833
108.000	511.920	-152.600	643.817
109.000	511.910	-161.367	649.822
110.000	511.900	-151.433	655.828
111.000	511.890	-157.500	661.832
112.000	511.880	-181.067	667.817
113.000	511.870	-158.900	673.826
114.000	511.860	-147.200	679.834
115.000	511.850	-152.133	685.820
116.000	511.840	-147.867	691.829
117.000	511.830	-162.833	697.835
118.000	511.820	-168.267	703.815
119.000	511.810	-186.667	709.821
120.000	511.800	-173.767	715.832
121.000	511.790	-187.833	721.821
122.000	511.780	-163.267	727.827
123.000	511.770	-163.233	733.821
124.000	511.760	-148.633	739.830
125.000	511.750	-164.633	745.825
126.000	511.740	-131.933	751.831
127.000	511.730	-137.300	757.824
128.000	511.720	-156.733	763.838
129.000	511.710	-146.533	769.816
130.000	511.700	-165.733	775.831
131.000	511.690	-172.400	781.810
132.000	511.680	-161.600	787.820
133.000	511.670	-163.367	793.829
134.000	511.660	-152.800	799.824
135.000	511.650	-140.833	805.828
136.000	511.640	-138.600	811.819
137.000	511.630	-187.767	817.831
138.000	511.620	-168.267	823.810
139.000	511.610	-181.433	829.824
140.000	511.600	-166.033	835.830
141.000	511.590	-169.700	841.811
142.000	511.580	-141.667	847.827
143.000	511.570	-152.967	853.741
144.000	511.560	-162.567	859.825
145.000	511.550	-164.900	865.841
146.000	511.540	-161.400	871.821
147.000	511.530	-163.433	877.835
148.000	511.520	-142.133	883.821
149.000	511.510	-160.000	889.834
150.000	511.500	-174.333	895.815
151.000	511.490	-144.167	901.826
152.000	511.480	-156.500	907.837
153.000	511.470	-163.167	913.764
154.000	511.460	-146.800	919.778
155.000	511.450	-150.700	925.791
156.000	511.440	-137.600	931.805
157.000	511.430	-148.067	937.818
158.000	511.420	-153.233	943.831
159.000	511.410	-161.367	949.839
160.000	511.400	-157.100	955.818
161.000	511.390	-180.200	961.823
162.000	511.380	-160.600	967.760
163.000	511.370	-150.667	973.775
164.000	511.360	-151.700	979.779
165.000	511.350	-161.667	985.795
166.000	511.340	-172.033	991.810
167.000	511.330	-168.967	997.822
168.000	511.320	-165.700	1003.837
169.000	511.310	-144.033	1009.831
170.000	511.300	-161.700	1015.746
171.000	511.290	-161.400	1021.829
172.000	511.280	-152.000	1027.746
173.000	511.270	-172.133	1033.823
174.000	511.260	-156.433	1039.837
175.000	511.250	-138.667	1045.827
176.000	511.240	-146.767	1051.838
177.000	511.230	-139.167	1057.745
178.000	511.220	-158.700	1063.833
179.000	511.210	-141.500	1069.743
180.000	511.200	-131.967	1075.831
181.000	511.190	-131.500	1081.746
182.000	511.180	-155.067	1087.839
183.000	511.170	-160.400	1093.831
184.000	511.160	-151.000	1099.746
185.000	511.150	-136.767	1105.835
186.000	511.140	-129.167	1111.748
187.000	511.130	-147.700	1117.836
188.000	511.120	-173.800	1123.750
189.000	511.110	-156.833	1129.749
190.000	511.100	-159.500	1135.751
191.000	511.090	-166.933	1141.841
192.000	511.080	-141.167	1147.750
193.000	511.070	-146.633	1153.831
194.000	511.060	-167.967	1159.839
195.000	511.050	-159.967	1165.748
196.000	511.040	-143.167	1171.838
197.000	511.030	-131.400	1177.745
198.000	511.020	-143.100	1183.752
199.000	511.010	-142.633	1189.831
200.000	511.000	-140.200	1195.840
201.000	510.990	-118.300	1201.793
202.000	510.980	-135.867	1207.795
203.000	510.970	-138.500	1213.800
204.000	510.960	-138.700	1219.815
205.000	510.950	-136.400	1225.826
206.000	510.940	-157.133	1231.839
207.000	510.930	-157.133	1237.756
208.000	510.920	-172.633	1243.745
209.000	510.910	-171.933	1249.749
210.000	510.900	-172.800	1255.756
211.000	510.890	-185.767	1261.744
212.000	510.880	-195.367	1267.755
213.000	510.870	-177.600	1273.745
214.000	510.860	-158.967	1279.755
215.000	510.850	-152.433	1285.841
216.000	510.840	-160.100	1291.745
217.000	510.830	-154.867	1297.750
218.000	510.820	-162.500	1303.759
219.000	510.810	-150.833	1309.800
220.000	510.800	-148.500	1315.812
221.000	510.790	-113.367	1321.821
222.000	510.780	-134.467	1327.833
223.000	510.770	-170.300	1333.744
224.000	510.760	-147.933	1339.760
225.000	510.750	-147.033	1345.748
226.000	510.740	-147.833	1351.816
227.000	510.730	-148.500	1357.749
228.000	510.720	-168.967	1363.826
229.000	510.710	-170.867	1369.839
230.000	510.700	-173.567	1375.754
231.000	510.690	-155.733	1381.743
232.000	510.680	-140.167	1387.752
233.000	510.670	-134.967	1393.742
234.000	510.660	-138.900	1399.747
235.000	510.650	-140.767	1405.756
236.000	510.640	-125.767	1411.744
237.000	510.630	-136.967	1417.751
238.000	510.620	-145.367	1423.741
239.000	510.610	-144.967	1429.749
240.000	510.600	-146.500	1435.756
241.000	510.590	-159.900	1441.840
242.000	510.580	-159.233	1447.753
243.000	510.570	-169.000	1453.758
244.000	510.560	-144.100	1459.762
245.000	510.550	-140.833	1465.746
246.000	510.540	-137.600	1471.747
247.000	510.530	-145.233	1477.762
248.000	510.520	-152.367	1483.744
249.000	510.510	-125.733	1489.837
250.000	510.500	-114.067	1495.752
251.000	510.490	-120.267	1501.761
252.000	510.480	-141.867	1507.838
253.000	510.470	-152.267	1513.752
254.000	510.460	-146.233	1519.765
255.000	510.450	-151.600	1525.746
256.000	510.440	-148.900	1531.760
257.000	510.430	-155.467	1537.746
258.000	510.420	-170.633	1543.760
259.000	510.410	-158.133	1549.763
260.000	510.400	-152.600	1555.839
261.000	510.390	-154.800	1561.751
262.000	510.380	-139.333	1567.765
263.000	510.370	-145.567	1573.840
264.000	510.360	-140.500	1579.752
265.000	510.350	-148.067	1585.766
266.000	510.340	-147.133	1591.748
267.000	510.330	-137.567	1597.760
268.000	510.320	-151.367	1603.770
269.000	510.310	-105.667	1609.760
270.000	510.300	-137.933	1615.743
271.000	510.290	-151.633	1621.753
272.000	510.280	-159.000	1627.768
273.000	510.270	-134.167	1633.743
274.000	510.260	-157.767	1639.754
275.000	510.250	-135.033	1645.767
276.000	510.240	-136.200	1651.754
277.000	510.230	-141.700	1657.758
278.000	510.220	-165.067	1663.770
279.000	510.210	-158.800	1669.748
280.000	510.200	-133.433	1675.762
281.000	510.190	-103.400	1681.772
282.000	510.180	-129.667	1687.756
283.000	510.170	-153.200	1693.761
284.000	510.160	-149.000	1699.750
285.000	510.150	-133.633	1705.757
286.000	510.140	-141.133	1711.772
287.000	510.130	-155.733	1717.748
288.000	510.120	-156.400	1723.764
289.000	510.110	-127.300	1729.769
290.000	510.100	-129.567	1735.760
291.000	510.090	-157.000	1741.764
292.000	510.080	-162.367	1747.769
293.000	510.070	-142.667	1753.750
294.000	510.060	-121.833	1759.764
295.000	510.050	-113.133	1765.774
296.000	510.040	-142.767	1771.763
297.000	510.030	-141.733	1777.775
298.000	510.020	-134.400	1783.763
299.000	510.010	-136.167	1789.770
300.000	510.000	-174.100	1795.777
301.000	509.990	-176.533	1801.763
302.000	509.980	-181.500	1807.773
303.000	509.970	-219.733	1813.760
304.000	509.960	-177.100	1819.767
305.000	509.950	-192.400	1825.775
306.000	509.940	-216.233	1831.762
307.000	509.930	-231.733	1837.766
308.000	509.920	-213.667	1843.769
309.000	509.910	-190.533	1849.776
310.000	509.900	-169.700	1855.756
311.000	509.890	-154.000	1861.771
312.000	509.880	-145.000	1867.758
313.000	509.870	-130.267	1873.775
314.000	509.860	-118.400	1879.768
315.000	509.850	-129.167	1885.779
316.000	509.840	-163.100	1891.760
317.000	509.830	-167.100	1897.769
318.000	509.820	-128.433	1903.776
319.000	509.810	-150.600	1909.762
320.000	509.800	-160.733	1915.769
321.000	509.790	-164.900	1921.773
322.000	509.780	-171.000	1927.781
323.000	509.770	-151.067	1933.768
324.000	509.760	-163.833	1939.772
325.000	509.750	-151.067	1945.778
326.000	509.740	-162.467	1951.783
327.000	509.730	-139.233	1957.765
328.000	509.720	-157.700	1963.779
329.000	509.710	-163.633	1969.757
330.000	509.700	-158.900	1975.770
331.000	509.690	-138.933	1981.782
332.000	509.680	-143.367	1987.767
333.000	509.670	-146.667	1993.780
334.000	509.660	-147.267	1999.760
335.000	509.650	-146.900	2005.774
336.000	509.640	-170.533	2011.785
337.000	509.630	-186.833	2017.767
338.000	509.620	-156.600	2023.780
339.000	509.610	-156.433	2029.756
340.000	509.600	-179.967	2035.767
341.000	509.590	-178.200	2041.775
342.000	509.580	-174.600	2047.785
343.000	509.570	-160.733	2053.775
344.000	509.560	-170.867	2059.785
345.000	509.550	-141.700	2065.774
346.000	509.540	-168.667	2071.785
347.000	509.530	-161.700	2077.773
348.000	509.520	-171.100	2083.783
349.000	509.510	-184.267	2089.778
350.000	509.500	-172.000	2095.771
351.000	509.490	-150.000	2101.788
352.000	509.480	-178.033	2107.782
353.000	509.470	-182.667	2113.775
354.000	509.460	-173.867	2119.765
355.000	509.450	-160.700	2125.784
356.000	509.440	-139.667	2131.776
357.000	509.430	-156.633	2137.768
358.000	509.420	-153.700	2143.786
359.000	509.410	-148.033	2149.777
360.000	509.400	-165.000	2155.789
361.000	509.390	-186.700	2161.780
362.000	509.380	-197.600	2167.789
363.000	509.370	-171.700	2173.778
364.000	509.360	-182.167	2179.768
365.000	509.350	-153.400	2185.782
366.000	509.340	-170.933	2191.790
367.000	509.330	-196.100	2197.780
368.000	509.320	-167.200	2203.775
369.000	509.310	-160.333	2209.792
370.000	509.300	-142.533	2215.786
371.000	509.290	-173.433	2221.775
372.000	509.280	-174.100	2227.786
373.000	509.270	-175.600	2233.771
374.000	509.260	-181.300	2239.784
375.000	509.250	-152.067	2245.788
376.000	509.240	-152.567	2251.792
377.000	509.230	-163.733	2257.778
378.000	509.220	-162.267	2263.786
379.000	509.210	-172.233	2269.792
380.000	509.200	-165.433	2275.769
381.000	509.190	-170.567	2281.779
382.000	509.180	-163.467	2287.783
383.000	509.170	-172.233	2293.789
384.000	509.160	-158.600	2299.777
385.000	509.150	-170.300	2305.791
386.000	509.140	-178.833	2311.781
387.000	509.130	-189.733	2317.795
388.000	509.120	-175.433	2323.770
389.000	509.110	-179.967	2329.781
390.000	509.100	-155.233	2335.794
391.000	509.090	-143.467	2341.785
392.000	509.080	-132.400	2347.796
393.000	509.070	-132.900	2353.771
394.000	509.060	-135.667	2359.780
395.000	509.050	-127.100	2365.795
396.000	509.040	-166.200	2371.775
397.000	509.030	-177.467	2377.788
398.000	509.020	-180.667	2383.777
399.000	509.010	-142.500	2389.789
400.000	509.000	-138.333	2395.800
401.000	508.990	-157.100	2401.787
402.000	508.980	-144.100	2407.780
403.000	508.970	-129.600	2413.787
404.000	508.960	-136.300	2419.799
405.000	508.950	-152.000	2425.781
406.000	508.940	-145.600	2431.794
407.000	508.930	-144.967	2437.784
408.000	508.920	-163.233	2443.795
409.000	508.910	-157.000	2449.771
410.000	508.900	-145.233	2455.784
411.000	508.890	-135.733	2461.799
412.000	508.880	-148.900	2467.772
413.000	508.870	-149.567	2473.785
414.000	508.860	-156.367	2479.796
415.000	508.850	-152.867	2485.802
416.000	508.840	-156.867	2491.782
417.000	508.830	-164.800	2497.792
418.000	508.820	-148.333	2503.802
419.000	508.810	-131.233	2509.754
420.000	508.800	-129.900	2515.768
421.000	508.790	-144.100	2521.773
422.000	508.780	-165.367	2527.786
423.000	508.770	-163.233	2533.799
424.000	508.760	-168.700	2539.789
425.000	508.750	-151.567	2545.794
426.000	508.740	-177.100	2551.805
427.000	508.730	-174.767	2557.790
428.000	508.720	-168.000	2563.805
429.000	508.710	-175.067	2569.782
430.000	508.700	-185.533	2575.793
431.000	508.690	-164.267	2581.782
432.000	508.680	-194.633	2587.793
433.000	508.670	-183.600	2593.785
434.000	508.660	-181.633	2599.790
435.000	508.650	-182.033	2605.805
436.000	508.640	-193.067	2611.782
437.000	508.630	-192.833	2617.799
438.000	508.620	-149.400	2623.804
439.000	508.610	-169.433	2629.793
440.000	508.600	-205.567	2635.805
441.000	508.590	-197.300	2641.790
442.000	508.580	-205.300	2647.794
443.000	508.570	-200.800	2653.799
444.000	508.560	-199.100	2659.809
445.000	508.550	-186.300	2665.784
446.000	508.540	-185.867	2671.791
447.000	508.530	-179.233	2677.799
448.000	508.520	-186.733	2683.807
449.000	508.510	-148.367	2689.792
450.000	508.500	-167.400	2695.802
451.000	508.490	-167.533	2701.810
452.000	508.480	-153.000	2707.793
453.000	508.470	-140.333	2713.796
454.000	508.460	-146.767	2719.799
455.000	508.450	-175.233	2725.805
456.000	508.440	-156.633	2731.792
457.000	508.430	-165.700	2737.806
458.000	508.420	-171.100	2743.799
459.000	508.410	-158.233	2749.769
460.000	508.400	-152.833	2755.797
461.000	508.390	-143.167	2761.801
462.000	508.380	-142.533	2767.796
463.000	508.370	-150.900	2773.804
464.000	508.360	-144.833	2779.806
465.000	508.350	-171.000	2785.802
466.000	508.340	-157.600	2791.812
467.000	508.330	-150.367	2797.797
468.000	508.320	-154.967	2803.806
469.000	508.310	-168.167	2809.815
470.000	508.300	-164.900	2815.801
471.000	508.290	-147.567	2821.809
472.000	508.280	-143.033	2827.815
473.000	508.270	-169.733	2833.798
474.000	508.260	-160.600	2839.802
475.000	508.250	-139.633	2845.806
476.000	508.240	-147.900	2851.810
477.000	508.230	-147.933	2857.814
478.000	508.220	-158.433	2863.818
479.000	508.210	-149.100	2869.767
480.000	508.200	-161.467	2875.776
481.000	508.190	-171.367	2881.788
482.000	508.180	-177.833	2887.802
483.000	508.170	-145.533	2893.812
484.000	508.160	-151.633	2899.798
485.000	508.150	-146.700	2905.811
486.000	508.140	-154.667	2911.816
487.000	508.130	-126.267	2917.791
488.000	508.120	-123.800	2923.806
489.000	508.110	-125.667	2929.820
490.000	508.100	-116.700	2935.801
491.000	508.090	-117.700	2941.815
492.000	508.080	-133.200	2947.797
493.000	508.070	-130.333	2953.810
494.000	508.060	-138.733	2959.801
495.000	508.050	-130.100	2965.813
496.000	508.040	-145.200	2971.792
497.000	508.030	-132.833	2977.804
498.000	508.020	-131.700	2983.818
499.000	508.010	-158.900	2989.809
500.000	508.000	-189.133	2995.820
501.000	507.990	0.000	3001.807
