0.000000	19.759000	144.678910	-0.000138
1.000000	19.761000	144.708134	-0.000113
2.000000	19.763000	144.737360	-0.000797
3.000000	19.765000	144.766589	-0.000113
4.000000	19.767000	144.795821	-0.000211
5.000000	19.769000	144.825056	-0.000431
6.000000	19.771000	144.854294	-0.000480
7.000000	19.773000	144.883534	0.000204
8.000000	19.775000	144.912778	-0.000382
9.000000	19.777000	144.942025	-0.000138
10.000000	19.779000	144.971275	0.000375
11.000000	19.781000	145.000527	0.000106
12.000000	19.783000	145.029783	-0.000284
13.000000	19.785000	145.059042	0.000033
14.000000	19.787000	145.088303	-0.000455
15.000000	19.789000	145.117568	0.000131
16.000000	19.791000	145.146835	-0.000357
17.000000	19.793000	145.176105	-0.000089
18.000000	19.795000	145.205379	0.000009
19.000000	19.797000	145.234655	0.000155
20.000000	19.799000	145.263934	0.000131
21.000000	19.801000	145.293216	-0.000040
22.000000	19.803000	145.322502	-0.000016
23.000000	19.805000	145.351790	0.000131
24.000000	19.807000	145.381081	0.000058
25.000000	19.809000	145.410375	-0.000284
26.000000	19.811000	145.439672	0.000033
27.000000	19.813000	145.468972	0.000155
28.000000	19.815000	145.498274	-0.000138
29.000000	19.817000	145.527580	0.000082
30.000000	19.819000	145.556889	-0.000455
31.000000	19.821000	145.586201	-0.000309
32.000000	19.823000	145.615515	0.000106
33.000000	19.825000	145.644833	-0.000772
34.000000	19.827000	145.674153	0.000058
35.000000	19.829000	145.703477	-0.000089
36.000000	19.831000	145.732803	0.000155
37.000000	19.833000	145.762133	-0.000382
38.000000	19.835000	145.791465	-0.000113
39.000000	19.837000	145.820800	-0.000577
40.000000	19.839000	145.850139	-0.000284
41.000000	19.841000	145.879480	-0.000699
42.000000	19.843000	145.908824	-0.000333
43.000000	19.845000	145.938171	-0.000162
44.000000	19.847000	145.967521	-0.000187
45.000000	19.849000	145.996874	-0.000772
46.000000	19.851000	146.026230	-0.000235
47.000000	19.853000	146.055589	0.000082
48.000000	19.855000	146.084951	-0.000333
49.000000	19.857000	146.114316	-0.000235
50.000000	19.859000	146.143683	-0.000211
51.000000	19.861000	146.173054	-0.000528
52.000000	19.863000	146.202428	0.000106
53.000000	19.865000	146.231804	0.000058
54.000000	19.867000	146.261184	0.000033
55.000000	19.869000	146.290567	0.000302
56.000000	19.871000	146.319952	0.000399
57.000000	19.873000	146.349340	-0.000431
58.000000	19.875000	146.378732	0.000497
59.000000	19.877000	146.408126	-0.000235
60.000000	19.879000	146.437523	0.000082
61.000000	19.881000	146.466924	-0.000113
62.000000	19.883000	146.496327	-0.000138
63.000000	19.885000	146.525733	0.000058
64.000000	19.887000	146.555142	-0.000162
65.000000	19.889000	146.584554	-0.000064
66.000000	19.891000	146.613969	0.000277
67.000000	19.893000	146.643387	0.000082
68.000000	19.895000	146.672808	0.000326
69.000000	19.897000	146.702232	-0.000211
70.000000	19.899000	146.731658	0.000106
71.000000	19.901000	146.761088	0.000692
72.000000	19.903000	146.790521	-0.000333
73.000000	19.905000	146.819956	0.000204
74.000000	19.907000	146.849395	0.000180
75.000000	19.909000	146.878837	-0.000113
76.000000	19.911000	146.908281	-0.000455
77.000000	19.913000	146.937728	-0.000260
78.000000	19.915000	146.967179	0.000399
79.000000	19.917000	146.996632	-0.000650
80.000000	19.919000	147.026089	-0.000455
81.000000	19.921000	147.055548	-0.000528
82.000000	19.923000	147.085010	0.000033
83.000000	19.925000	147.114475	0.000058
84.000000	19.927000	147.143943	-0.000211
85.000000	19.929000	147.173414	0.000106
86.000000	19.931000	147.202888	-0.000528
87.000000	19.933000	147.232365	-0.000211
88.000000	19.935000	147.261845	-0.000333
89.000000	19.937000	147.291328	-0.000089
90.000000	19.939000	147.320814	-0.000162
91.000000	19.941000	147.350302	-0.000455
92.000000	19.943000	147.379794	0.000155
93.000000	19.945000	147.409289	-0.000089
94.000000	19.947000	147.438787	-0.000333
95.000000	19.949000	147.468287	0.000253
96.000000	19.951000	147.497791	-0.000455
97.000000	19.953000	147.527297	0.000131
98.000000	19.955000	147.556806	0.000033
99.000000	19.957000	147.586319	0.000033
100.000000	19.959000	147.615834	-0.000309
101.000000	19.961000	147.645352	-0.000333
102.000000	19.963000	147.674874	-0.000309
103.000000	19.965000	147.704398	0.000228
104.000000	19.967000	147.733925	-0.000113
105.000000	19.969000	147.763455	-0.000162
106.000000	19.971000	147.792988	-0.000235
107.000000	19.973000	147.822524	0.000131
108.000000	19.975000	147.852063	0.000106
109.000000	19.977000	147.881605	-0.000089
110.000000	19.979000	147.911150	-0.000260
111.000000	19.981000	147.940697	-0.000382
112.000000	19.983000	147.970248	-0.000675
113.000000	19.985000	147.999802	-0.000675
114.000000	19.987000	148.029358	-0.000138
115.000000	19.989000	148.058918	-0.000675
116.000000	19.991000	148.088480	-0.000455
117.000000	19.993000	148.118046	-0.000577
118.000000	19.995000	148.147614	0.000033
119.000000	19.997000	148.177186	-0.000211
120.000000	19.999000	148.206760	-0.000138
121.000000	20.001000	148.236337	-0.000309
122.000000	20.003000	148.265918	0.000082
123.000000	20.005000	148.295501	-0.000455
124.000000	20.007000	148.325087	0.000131
125.000000	20.009000	148.354676	-0.000211
126.000000	20.011000	148.384268	-0.000187
127.000000	20.013000	148.413863	-0.000577
128.000000	20.015000	148.443461	-0.000357
129.000000	20.017000	148.473062	-0.000235
130.000000	20.019000	148.502666	-0.000113
131.000000	20.021000	148.532273	-0.000480
132.000000	20.023000	148.561882	-0.000089
133.000000	20.025000	148.591495	0.000058
134.000000	20.027000	148.621111	-0.000211
135.000000	20.029000	148.650729	0.000009
136.000000	20.031000	148.680351	-0.000260
137.000000	20.033000	148.709975	-0.000553
138.000000	20.035000	148.739603	0.000155
139.000000	20.037000	148.769233	-0.001285
140.000000	20.039000	148.798866	0.000058
141.000000	20.041000	148.828503	-0.000211
142.000000	20.043000	148.858142	-0.000211
143.000000	20.045000	148.887784	-0.000284
144.000000	20.047000	148.917430	-0.000040
145.000000	20.049000	148.947078	0.000082
146.000000	20.051000	148.976728	-0.000870
147.000000	20.053000	149.006382	-0.000455
148.000000	20.055000	149.036040	0.000058
149.000000	20.057000	149.065699	-0.000577
150.000000	20.059000	149.095362	-0.000553
151.000000	20.061000	149.125028	-0.000113
152.000000	20.063000	149.154697	-0.000187
153.000000	20.065000	149.184368	-0.000333
154.000000	20.067000	149.214043	-0.000235
155.000000	20.069000	149.243721	-0.000553
156.000000	20.071000	149.273402	-0.000577
157.000000	20.073000	149.303085	-0.000675
158.000000	20.075000	149.332772	-0.000528
159.000000	20.077000	149.362461	-0.000260
160.000000	20.079000	149.392154	-0.000528
161.000000	20.081000	149.421848	-0.000382
162.000000	20.083000	149.451547	-0.000724
163.000000	20.085000	149.481248	-0.000919
164.000000	20.087000	149.510952	-0.000528
165.000000	20.089000	149.540660	-0.001480
166.000000	20.091000	149.570370	-0.000089
167.000000	20.093000	149.600083	-0.000699
168.000000	20.095000	149.629798	-0.001407
169.000000	20.097000	149.659517	-0.000553
170.000000	20.099000	149.689239	-0.001407
171.000000	20.101000	149.718964	-0.001993
172.000000	20.103000	149.748692	-0.000797
173.000000	20.105000	149.778423	-0.002213
174.000000	20.107000	149.808157	-0.002262
175.000000	20.109000	149.837893	-0.003189
176.000000	20.111000	149.867633	-0.003458
177.000000	20.113000	149.897375	-0.003141
178.000000	20.115000	149.927121	-0.005265
179.000000	20.117000	149.956869	-0.003385
180.000000	20.119000	149.986621	-0.002262
181.000000	20.121000	150.016375	-0.001871
182.000000	20.123000	150.046132	-0.001065
183.000000	20.125000	150.075892	-0.000016
184.000000	20.127000	150.105656	-0.001578
185.000000	20.129000	150.135422	-0.000577
186.000000	20.131000	150.165191	0.000302
187.000000	20.133000	150.194963	0.000009
188.000000	20.135000	150.224738	0.000228
189.000000	20.137000	150.254516	0.000155
190.000000	20.139000	150.284297	-0.000675
191.000000	20.141000	150.314081	-0.000187
192.000000	20.143000	150.343868	-0.000797
193.000000	20.145000	150.373657	0.000058
194.000000	20.147000	150.403450	-0.000431
195.000000	20.149000	150.433246	-0.001017
196.000000	20.151000	150.463044	-0.000309
197.000000	20.153000	150.492846	-0.000577
198.000000	20.155000	150.522650	-0.000162
199.000000	20.157000	150.552458	-0.000797
200.000000	20.159000	150.582268	-0.000724
201.000000	20.161000	150.612082	-0.001139
202.000000	20.163000	150.641898	-0.000870
203.000000	20.165000	150.671717	-0.001578
204.000000	20.167000	150.701539	-0.002018
205.000000	20.169000	150.731365	-0.002164
206.000000	20.171000	150.761193	-0.001505
207.000000	20.173000	150.791024	-0.003189
208.000000	20.175000	150.820858	-0.002921
209.000000	20.177000	150.850695	-0.004093
210.000000	20.179000	150.880535	-0.003507
211.000000	20.181000	150.910377	-0.005533
212.000000	20.183000	150.940223	-0.004923
213.000000	20.185000	150.970072	-0.004776
214.000000	20.187000	150.999924	-0.001969
215.000000	20.189000	151.029779	-0.001822
216.000000	20.191000	151.059636	-0.002335
217.000000	20.193000	151.089497	-0.002530
218.000000	20.195000	151.119360	-0.000772
219.000000	20.197000	151.149227	-0.001773
220.000000	20.199000	151.179096	-0.000455
221.000000	20.201000	151.208969	-0.001285
222.000000	20.203000	151.238844	-0.001261
223.000000	20.205000	151.268722	-0.001114
224.000000	20.207000	151.298603	-0.001310
225.000000	20.209000	151.328488	-0.001236
226.000000	20.211000	151.358375	-0.000504
227.000000	20.213000	151.388265	-0.001432
228.000000	20.215000	151.418158	-0.002018
229.000000	20.217000	151.448054	-0.001676
230.000000	20.219000	151.477953	-0.002555
231.000000	20.221000	151.507855	-0.003238
232.000000	20.223000	151.537760	-0.002921
233.000000	20.225000	151.567667	-0.003849
234.000000	20.227000	151.597578	-0.006363
235.000000	20.229000	151.627492	-0.007901
236.000000	20.231000	151.657409	-0.009195
237.000000	20.233000	151.687328	-0.012638
238.000000	20.235000	151.717251	-0.013517
239.000000	20.237000	151.747176	-0.019620
240.000000	20.239000	151.777105	-0.025528
241.000000	20.241000	151.807036	-0.033316
242.000000	20.243000	151.836971	-0.044303
243.000000	20.245000	151.866908	-0.055143
244.000000	20.247000	151.896848	-0.071036
245.000000	20.249000	151.926792	-0.067081
246.000000	20.251000	151.956737	-0.062955
247.000000	20.253000	151.986687	-0.055997
248.000000	20.255000	152.016639	-0.031095
249.000000	20.257000	152.046594	-0.026529
250.000000	20.259000	152.076552	-0.013956
251.000000	20.261000	152.106513	-0.005362
252.000000	20.263000	152.136476	-0.001627
253.000000	20.265000	152.166444	-0.002701
254.000000	20.267000	152.196413	-0.003507
255.000000	20.269000	152.226386	-0.002213
256.000000	20.271000	152.256361	-0.002726
257.000000	20.273000	152.286340	-0.001822
258.000000	20.275000	152.316322	-0.002042
259.000000	20.277000	152.346306	-0.002750
260.000000	20.279000	152.376294	-0.001041
261.000000	20.281000	152.406284	-0.002359
262.000000	20.283000	152.436278	-0.000699
263.000000	20.285000	152.466274	-0.002872
264.000000	20.287000	152.496273	-0.003556
265.000000	20.289000	152.526275	-0.005118
266.000000	20.291000	152.556280	-0.006925
267.000000	20.293000	152.586289	-0.008243
268.000000	20.295000	152.616300	-0.012223
269.000000	20.297000	152.646314	-0.014151
270.000000	20.299000	152.676331	-0.020304
271.000000	20.301000	152.706350	-0.026383
272.000000	20.303000	152.736374	-0.030021
273.000000	20.305000	152.766399	-0.042838
274.000000	20.307000	152.796429	-0.053043
275.000000	20.309000	152.826460	-0.078287
276.000000	20.311000	152.856495	-0.089762
277.000000	20.313000	152.886532	-0.127457
278.000000	20.315000	152.916573	-0.133316
279.000000	20.317000	152.946617	-0.141495
280.000000	20.319000	152.976663	-0.138834
281.000000	20.321000	153.006713	-0.123697
282.000000	20.323000	153.036765	-0.093473
283.000000	20.325000	153.066821	-0.072330
284.000000	20.327000	153.096879	-0.043937
285.000000	20.329000	153.126939	-0.027359
286.000000	20.331000	153.157004	-0.019815
287.000000	20.333000	153.187071	-0.008243
288.000000	20.335000	153.217141	-0.009952
289.000000	20.337000	153.247214	-0.010685
290.000000	20.339000	153.277291	-0.010123
291.000000	20.341000	153.307369	-0.007877
292.000000	20.343000	153.337451	-0.013517
293.000000	20.345000	153.367536	-0.005509
294.000000	20.347000	153.397624	-0.009024
295.000000	20.349000	153.427715	-0.008707
296.000000	20.351000	153.457808	-0.011686
297.000000	20.353000	153.487905	-0.012320
298.000000	20.355000	153.518005	-0.012955
299.000000	20.357000	153.548107	-0.019840
300.000000	20.359000	153.578213	-0.020987
301.000000	20.361000	153.608321	-0.032535
302.000000	20.363000	153.638433	-0.032999
303.000000	20.365000	153.668547	-0.043937
304.000000	20.367000	153.698665	-0.051993
305.000000	20.369000	153.728785	-0.074381
306.000000	20.371000	153.758907	-0.085978
307.000000	20.373000	153.789034	-0.106949
308.000000	20.375000	153.819163	-0.135074
309.000000	20.377000	153.849295	-0.175797
310.000000	20.379000	153.879430	-0.230338
311.000000	20.381000	153.909569	-0.298771
312.000000	20.383000	153.939709	-0.320548
313.000000	20.385000	153.969853	-0.319083
314.000000	20.387000	154.000000	-0.282047
315.000000	20.389000	154.030149	-0.201627
316.000000	20.391000	154.060303	-0.148795
317.000000	20.393000	154.090458	-0.078873
318.000000	20.395000	154.120617	-0.042154
319.000000	20.397000	154.150778	-0.014493
320.000000	20.399000	154.180943	-0.012369
321.000000	20.401000	154.211110	-0.004239
322.000000	20.403000	154.241281	-0.013614
323.000000	20.405000	154.271454	-0.006607
324.000000	20.407000	154.301630	-0.006534
325.000000	20.409000	154.331810	-0.008805
326.000000	20.411000	154.361992	-0.007486
327.000000	20.413000	154.392178	-0.004117
328.000000	20.415000	154.422366	0.000155
329.000000	20.417000	154.452556	-0.001505
330.000000	20.419000	154.482751	0.003500
331.000000	20.421000	154.512947	0.000399
332.000000	20.423000	154.543148	0.000033
333.000000	20.425000	154.573350	-0.003287
334.000000	20.427000	154.603557	-0.003238
335.000000	20.429000	154.633765	-0.003995
336.000000	20.431000	154.663977	-0.005753
337.000000	20.433000	154.694192	-0.008072
338.000000	20.435000	154.724409	-0.008487
339.000000	20.437000	154.754630	-0.009757
340.000000	20.439000	154.784853	-0.015421
341.000000	20.441000	154.815080	-0.019205
342.000000	20.443000	154.845310	-0.026358
343.000000	20.445000	154.875542	-0.025919
344.000000	20.447000	154.905777	-0.040201
345.000000	20.449000	154.936015	-0.045035
346.000000	20.451000	154.966257	-0.047086
347.000000	20.453000	154.996501	-0.038663
348.000000	20.455000	155.026749	-0.033243
349.000000	20.457000	155.056998	-0.021793
350.000000	20.459000	155.087251	-0.010733
351.000000	20.461000	155.117508	-0.006339
352.000000	20.463000	155.147766	-0.003849
353.000000	20.465000	155.178029	-0.005191
354.000000	20.467000	155.208293	-0.003995
355.000000	20.469000	155.238561	-0.002726
356.000000	20.471000	155.268832	-0.001554
357.000000	20.473000	155.299105	-0.002384
358.000000	20.475000	155.329382	-0.003043
359.000000	20.477000	155.359662	-0.001383
360.000000	20.479000	155.389945	-0.002652
361.000000	20.481000	155.420230	-0.001505
362.000000	20.483000	155.450519	-0.001749
363.000000	20.485000	155.480810	-0.000626
364.000000	20.487000	155.511104	-0.001261
365.000000	20.489000	155.541402	-0.001944
366.000000	20.491000	155.571702	-0.001676
367.000000	20.493000	155.602005	-0.001188
368.000000	20.495000	155.632311	-0.001847
369.000000	20.497000	155.662621	-0.001749
370.000000	20.499000	155.692933	-0.003214
371.000000	20.501000	155.723247	-0.002921
372.000000	20.503000	155.753566	-0.001090
373.000000	20.505000	155.783886	-0.004923
374.000000	20.507000	155.814211	-0.003067
375.000000	20.509000	155.844537	-0.004947
376.000000	20.511000	155.874868	-0.005875
377.000000	20.513000	155.905200	-0.007682
378.000000	20.515000	155.935535	-0.008658
379.000000	20.517000	155.965874	-0.008561
380.000000	20.519000	155.996216	-0.006925
381.000000	20.521000	156.026561	-0.005851
382.000000	20.523000	156.056908	-0.005899
383.000000	20.525000	156.087259	-0.002164
384.000000	20.527000	156.117612	-0.001358
385.000000	20.529000	156.147968	-0.001993
386.000000	20.531000	156.178328	-0.001383
387.000000	20.533000	156.208689	-0.000797
388.000000	20.535000	156.239055	-0.002433
389.000000	20.537000	156.269423	-0.000431
390.000000	20.539000	156.299795	-0.001285
391.000000	20.541000	156.330168	-0.001407
392.000000	20.543000	156.360545	-0.001310
393.000000	20.545000	156.390925	-0.000919
394.000000	20.547000	156.421308	-0.000797
395.000000	20.549000	156.451694	-0.001383
396.000000	20.551000	156.482083	-0.001432
397.000000	20.553000	156.512475	-0.000772
398.000000	20.555000	156.542869	-0.000895
399.000000	20.557000	156.573267	-0.000919
400.000000	20.559000	156.603668	-0.001627
401.000000	20.561000	156.634071	-0.001261
402.000000	20.563000	156.664478	-0.001261
403.000000	20.565000	156.694887	-0.001041
404.000000	20.567000	156.725300	-0.001822
405.000000	20.569000	156.755715	-0.001163
406.000000	20.571000	156.786133	-0.002018
407.000000	20.573000	156.816555	-0.001700
408.000000	20.575000	156.846979	-0.002066
409.000000	20.577000	156.877406	-0.001896
410.000000	20.579000	156.907836	-0.002945
411.000000	20.581000	156.938270	-0.003531
412.000000	20.583000	156.968705	-0.001920
413.000000	20.585000	156.999144	-0.003995
414.000000	20.587000	157.029586	-0.000724
415.000000	20.589000	157.060031	-0.002408
416.000000	20.591000	157.090479	-0.001944
417.000000	20.593000	157.120930	-0.001822
418.000000	20.595000	157.151384	-0.001090
419.000000	20.597000	157.181840	-0.001725
420.000000	20.599000	157.212300	-0.001749
421.000000	20.601000	157.242763	-0.001847
422.000000	20.603000	157.273228	-0.000919
423.000000	20.605000	157.303697	-0.001798
424.000000	20.607000	157.334168	-0.001798
425.000000	20.609000	157.364643	-0.001383
426.000000	20.611000	157.395120	-0.000797
427.000000	20.613000	157.425600	-0.000895
428.000000	20.615000	157.456083	-0.001480
429.000000	20.617000	157.486569	-0.001578
430.000000	20.619000	157.517059	-0.001505
431.000000	20.621000	157.547551	-0.000919
432.000000	20.623000	157.578046	-0.001334
433.000000	20.625000	157.608544	-0.001041
434.000000	20.627000	157.639044	-0.001578
435.000000	20.629000	157.669549	-0.001065
436.000000	20.631000	157.700055	-0.001993
437.000000	20.633000	157.730566	-0.001529
438.000000	20.635000	157.761078	-0.001261
439.000000	20.637000	157.791594	-0.001603
440.000000	20.639000	157.822113	-0.001749
441.000000	20.641000	157.852634	-0.001651
442.000000	20.643000	157.883159	-0.002237
443.000000	20.645000	157.913686	-0.001749
444.000000	20.647000	157.944217	-0.001725
445.000000	20.649000	157.974750	-0.001383
446.000000	20.651000	158.005287	-0.001993
447.000000	20.653000	158.035826	-0.002091
448.000000	20.655000	158.066368	-0.001725
449.000000	20.657000	158.096913	-0.000919
450.000000	20.659000	158.127461	-0.001407
451.000000	20.661000	158.158013	-0.001065
452.000000	20.663000	158.188567	-0.001505
453.000000	20.665000	158.219124	-0.000943
454.000000	20.667000	158.249684	-0.001505
455.000000	20.669000	158.280247	-0.002359
456.000000	20.671000	158.310813	-0.001480
457.000000	20.673000	158.341381	-0.001285
458.000000	20.675000	158.371953	-0.001285
459.000000	20.677000	158.402528	-0.000968
460.000000	20.679000	158.433106	-0.001554
461.000000	20.681000	158.463686	-0.001090
462.000000	20.683000	158.494270	-0.000797
463.000000	20.685000	158.524857	-0.001310
464.000000	20.687000	158.555446	-0.001310
465.000000	20.689000	158.586039	-0.000455
466.000000	20.691000	158.616634	-0.000846
467.000000	20.693000	158.647232	-0.001676
468.000000	20.695000	158.677833	-0.000626
469.000000	20.697000	158.708438	-0.001065
470.000000	20.699000	158.739045	-0.001114
471.000000	20.701000	158.769655	-0.000577
472.000000	20.703000	158.800268	-0.001432
473.000000	20.705000	158.830884	-0.001017
474.000000	20.707000	158.861503	-0.001383
475.000000	20.709000	158.892125	-0.001773
476.000000	20.711000	158.922750	-0.001041
477.000000	20.713000	158.953378	-0.000895
478.000000	20.715000	158.984008	-0.001285
479.000000	20.717000	159.014643	-0.001065
480.000000	20.719000	159.045279	-0.001139
481.000000	20.721000	159.075919	-0.001407
482.000000	20.723000	159.106561	-0.000504
483.000000	20.725000	159.137207	-0.000626
484.000000	20.727000	159.167856	-0.001041
485.000000	20.729000	159.198507	-0.000846
486.000000	20.731000	159.229162	-0.001139
487.000000	20.733000	159.259819	-0.001065
488.000000	20.735000	159.290479	-0.001358
489.000000	20.737000	159.321142	-0.000724
490.000000	20.739000	159.351809	-0.001212
491.000000	20.741000	159.382478	-0.000748
492.000000	20.743000	159.413149	-0.001212
493.000000	20.745000	159.443825	-0.000675
494.000000	20.747000	159.474503	-0.000528
495.000000	20.749000	159.505184	-0.001358
496.000000	20.751000	159.535868	-0.001432
497.000000	20.753000	159.566555	-0.001529
498.000000	20.755000	159.597245	-0.001041
499.000000	20.757000	159.627937	-0.001407
500.000000	20.759000	159.658633	-0.001334
501.000000	20.761000	159.689332	-0.001627
502.000000	20.763000	159.720034	-0.001505
503.000000	20.765000	159.750738	-0.000821
504.000000	20.767000	159.781445	-0.001236
505.000000	20.769000	159.812155	-0.001041
506.000000	20.771000	159.842870	-0.001383
507.000000	20.773000	159.873586	-0.001334
508.000000	20.775000	159.904305	-0.001603
509.000000	20.777000	159.935027	-0.000895
510.000000	20.779000	159.965753	-0.001212
511.000000	20.781000	159.996481	-0.000480
512.000000	20.783000	160.027212	-0.001163
513.000000	20.785000	160.057946	-0.001334
514.000000	20.787000	160.088682	-0.001041
515.000000	20.789000	160.119424	-0.001603
516.000000	20.791000	160.150166	-0.001163
517.000000	20.793000	160.180912	-0.001285
518.000000	20.795000	160.211660	-0.001358
519.000000	20.797000	160.242414	-0.001041
520.000000	20.799000	160.273168	-0.001725
521.000000	20.801000	160.303925	-0.001017
522.000000	20.803000	160.334685	-0.001139
523.000000	20.805000	160.365449	-0.000772
524.000000	20.807000	160.396217	-0.001383
525.000000	20.809000	160.426986	-0.001383
526.000000	20.811000	160.457758	-0.001358
527.000000	20.813000	160.488533	-0.001065
528.000000	20.815000	160.519311	-0.001114
529.000000	20.817000	160.550094	-0.000919
530.000000	20.819000	160.580877	-0.000797
531.000000	20.821000	160.611664	-0.001505
532.000000	20.823000	160.642454	-0.001554
533.000000	20.825000	160.673249	-0.000675
534.000000	20.827000	160.704044	-0.000724
535.000000	20.829000	160.734843	-0.001480
536.000000	20.831000	160.765644	-0.000821
537.000000	20.833000	160.796449	-0.001212
538.000000	20.835000	160.827258	-0.000699
539.000000	20.837000	160.858069	-0.000797
540.000000	20.839000	160.888882	-0.000919
541.000000	20.841000	160.919698	-0.001407
542.000000	20.843000	160.950518	-0.000772
543.000000	20.845000	160.981342	-0.000919
544.000000	20.847000	161.012167	-0.000968
545.000000	20.849000	161.042995	-0.000895
546.000000	20.851000	161.073826	-0.000870
547.000000	20.853000	161.104662	-0.001114
548.000000	20.855000	161.135499	-0.000797
549.000000	20.857000	161.166339	-0.001358
550.000000	20.859000	161.197182	-0.000577
551.000000	20.861000	161.228028	-0.000748
552.000000	20.863000	161.258878	-0.000895
553.000000	20.865000	161.289730	-0.000748
554.000000	20.867000	161.320585	-0.001725
555.000000	20.869000	161.351442	-0.000455
556.000000	20.871000	161.382303	-0.000675
557.000000	20.873000	161.413168	-0.000846
558.000000	20.875000	161.444035	-0.000919
559.000000	20.877000	161.474904	-0.000968
560.000000	20.879000	161.505777	-0.001847
561.000000	20.881000	161.536654	-0.001017
562.000000	20.883000	161.567532	-0.001456
563.000000	20.885000	161.598413	-0.001041
564.000000	20.887000	161.629298	-0.001529
565.000000	20.889000	161.660185	-0.001163
566.000000	20.891000	161.691077	-0.000553
567.000000	20.893000	161.721970	-0.001065
568.000000	20.895000	161.752866	-0.001944
569.000000	20.897000	161.783765	-0.001065
570.000000	20.899000	161.814667	-0.001163
571.000000	20.901000	161.845573	-0.000919
572.000000	20.903000	161.876481	-0.001065
573.000000	20.905000	161.907392	-0.001188
574.000000	20.907000	161.938306	-0.001041
575.000000	20.909000	161.969224	-0.001310
576.000000	20.911000	162.000144	-0.001188
577.000000	20.913000	162.031066	-0.001334
578.000000	20.915000	162.061992	-0.001065
579.000000	20.917000	162.092920	-0.001505
580.000000	20.919000	162.123854	-0.000968
581.000000	20.921000	162.154788	-0.001334
582.000000	20.923000	162.185725	-0.001163
583.000000	20.925000	162.216666	-0.001017
584.000000	20.927000	162.247609	-0.000821
585.000000	20.929000	162.278557	-0.001163
586.000000	20.931000	162.309506	-0.001139
587.000000	20.933000	162.340458	-0.001041
588.000000	20.935000	162.371413	-0.000357
589.000000	20.937000	162.402373	-0.001334
590.000000	20.939000	162.433334	-0.001114
591.000000	20.941000	162.464298	-0.001090
592.000000	20.943000	162.495264	-0.001163
593.000000	20.945000	162.526234	-0.001139
594.000000	20.947000	162.557209	-0.001261
595.000000	20.949000	162.588184	-0.000772
596.000000	20.951000	162.619163	-0.000699
597.000000	20.953000	162.650145	-0.001163
598.000000	20.955000	162.681129	-0.001603
599.000000	20.957000	162.712119	-0.001310
600.000000	20.959000	162.743109	-0.002457
601.000000	20.961000	162.774102	-0.001773
602.000000	20.963000	162.805099	-0.002140
603.000000	20.965000	162.836100	-0.001432
604.000000	20.967000	162.867102	-0.002311
605.000000	20.969000	162.898107	-0.002481
606.000000	20.971000	162.929115	-0.002604
607.000000	20.973000	162.960127	-0.001969
608.000000	20.975000	162.991142	-0.001871
609.000000	20.977000	163.022159	-0.001993
610.000000	20.979000	163.053179	-0.000797
611.000000	20.981000	163.084202	-0.001676
612.000000	20.983000	163.115228	-0.001261
613.000000	20.985000	163.146259	-0.000675
614.000000	20.987000	163.177291	-0.000480
615.000000	20.989000	163.208325	-0.001114
616.000000	20.991000	163.239363	-0.001285
617.000000	20.993000	163.270405	-0.001090
618.000000	20.995000	163.301449	-0.000357
619.000000	20.997000	163.332495	-0.000968
620.000000	20.999000	163.363545	-0.001065
621.000000	21.001000	163.394597	-0.001188
622.000000	21.003000	163.425654	-0.001700
623.000000	21.005000	163.456713	-0.000821
624.000000	21.007000	163.487774	-0.001725
625.000000	21.009000	163.518838	-0.000870
626.000000	21.011000	163.549905	-0.001749
627.000000	21.013000	163.580977	-0.001456
628.000000	21.015000	163.612050	-0.002921
629.000000	21.017000	163.643126	-0.002140
630.000000	21.019000	163.674205	-0.002262
631.000000	21.021000	163.705289	-0.004483
632.000000	21.023000	163.736374	-0.005387
633.000000	21.025000	163.767462	-0.006217
634.000000	21.027000	163.798553	-0.006388
635.000000	21.029000	163.829646	-0.009000
636.000000	21.031000	163.860745	-0.014322
637.000000	21.033000	163.891845	-0.011783
638.000000	21.035000	163.922947	-0.013712
639.000000	21.037000	163.954053	-0.010221
640.000000	21.039000	163.985163	-0.008951
641.000000	21.041000	164.016274	-0.008146
642.000000	21.043000	164.047389	-0.001993
643.000000	21.045000	164.078506	-0.002994
644.000000	21.047000	164.109626	-0.001578
645.000000	21.049000	164.140752	-0.001578
646.000000	21.051000	164.171878	-0.000821
647.000000	21.053000	164.203007	-0.001114
648.000000	21.055000	164.234139	-0.001065
649.000000	21.057000	164.265274	-0.001285
650.000000	21.059000	164.296414	-0.000699
651.000000	21.061000	164.327555	-0.001822
652.000000	21.063000	164.358699	-0.001017
653.000000	21.065000	164.389845	-0.001236
654.000000	21.067000	164.420997	-0.000724
655.000000	21.069000	164.452150	-0.001725
656.000000	21.071000	164.483306	-0.001383
657.000000	21.073000	164.514464	-0.002091
658.000000	21.075000	164.545626	-0.001456
659.000000	21.077000	164.576792	-0.002335
660.000000	21.079000	164.607960	-0.002530
661.000000	21.081000	164.639130	-0.001627
662.000000	21.083000	164.670304	-0.002799
663.000000	21.085000	164.701480	-0.003751
664.000000	21.087000	164.732661	-0.004581
665.000000	21.089000	164.763843	-0.006754
666.000000	21.091000	164.795029	-0.007950
667.000000	21.093000	164.826217	-0.010611
668.000000	21.095000	164.857410	-0.012662
669.000000	21.097000	164.888604	-0.016080
670.000000	21.099000	164.919801	-0.013688
671.000000	21.101000	164.951001	-0.010660
672.000000	21.103000	164.982204	-0.011319
673.000000	21.105000	165.013411	-0.005289
674.000000	21.107000	165.044620	-0.003043
675.000000	21.109000	165.075832	-0.003165
676.000000	21.111000	165.107047	-0.001871
677.000000	21.113000	165.138264	-0.001065
678.000000	21.115000	165.169487	-0.001432
679.000000	21.117000	165.200710	-0.000357
680.000000	21.119000	165.231937	-0.002042
681.000000	21.121000	165.263166	-0.000919
682.000000	21.123000	165.294401	-0.000992
683.000000	21.125000	165.325636	-0.001725
684.000000	21.127000	165.356874	-0.001480
685.000000	21.129000	165.388116	-0.001773
686.000000	21.131000	165.419360	-0.000455
687.000000	21.133000	165.450609	-0.001236
688.000000	21.135000	165.481859	-0.001188
689.000000	21.137000	165.513112	-0.001993
690.000000	21.139000	165.544368	-0.001163
691.000000	21.141000	165.575627	-0.002945
692.000000	21.143000	165.606891	-0.001798
693.000000	21.145000	165.638156	-0.003507
694.000000	21.147000	165.669423	-0.004313
695.000000	21.149000	165.700694	-0.004679
696.000000	21.151000	165.731970	-0.005289
697.000000	21.153000	165.763247	-0.005045
698.000000	21.155000	165.794526	-0.008146
699.000000	21.157000	165.825809	-0.007462
700.000000	21.159000	165.857094	-0.013175
701.000000	21.161000	165.888385	-0.014542
702.000000	21.163000	165.919676	-0.017130
703.000000	21.165000	165.950970	-0.013419
704.000000	21.167000	165.982268	-0.011905
705.000000	21.169000	166.013568	-0.007413
706.000000	21.171000	166.044873	-0.004850
707.000000	21.173000	166.076179	-0.002921
708.000000	21.175000	166.107489	-0.001993
709.000000	21.177000	166.138801	-0.000699
710.000000	21.179000	166.170118	-0.001676
711.000000	21.181000	166.201436	-0.000699
712.000000	21.183000	166.232757	-0.000675
713.000000	21.185000	166.264080	-0.002213
714.000000	21.187000	166.295407	-0.001261
715.000000	21.189000	166.326739	-0.000870
716.000000	21.191000	166.358072	-0.001163
717.000000	21.193000	166.389407	-0.001065
718.000000	21.195000	166.420746	-0.001065
719.000000	21.197000	166.452088	-0.001749
720.000000	21.199000	166.483434	-0.001261
721.000000	21.201000	166.514782	-0.001163
722.000000	21.203000	166.546132	-0.001334
723.000000	21.205000	166.577485	-0.001749
724.000000	21.207000	166.608844	-0.002066
725.000000	21.209000	166.640203	-0.002140
726.000000	21.211000	166.671565	-0.002091
727.000000	21.213000	166.702931	-0.004361
728.000000	21.215000	166.734299	-0.002799
729.000000	21.217000	166.765672	-0.003775
730.000000	21.219000	166.797046	-0.003897
731.000000	21.221000	166.828423	-0.005533
732.000000	21.223000	166.859803	-0.006534
733.000000	21.225000	166.891186	-0.009000
734.000000	21.227000	166.922573	-0.009049
735.000000	21.229000	166.953962	-0.008097
736.000000	21.231000	166.985354	-0.006290
737.000000	21.233000	167.016749	-0.005631
738.000000	21.235000	167.048148	-0.002872
739.000000	21.237000	167.079549	-0.003287
740.000000	21.239000	167.110952	-0.002164
741.000000	21.241000	167.142359	-0.002555
742.000000	21.243000	167.173768	-0.003385
743.000000	21.245000	167.205183	-0.001529
744.000000	21.247000	167.236598	-0.002701
745.000000	21.249000	167.268016	-0.001432
746.000000	21.251000	167.299438	-0.002506
747.000000	21.253000	167.330862	-0.003116
748.000000	21.255000	167.362291	-0.002042
749.000000	21.257000	167.393721	-0.002579
750.000000	21.259000	167.425154	-0.002140
751.000000	21.261000	167.456590	-0.003385
752.000000	21.263000	167.488031	-0.003824
753.000000	21.265000	167.519473	-0.002945
754.000000	21.267000	167.550918	-0.002921
755.000000	21.269000	167.582366	-0.004483
756.000000	21.271000	167.613817	-0.006119
757.000000	21.273000	167.645272	-0.007047
758.000000	21.275000	167.676729	-0.009610
759.000000	21.277000	167.708189	-0.010318
760.000000	21.279000	167.739651	-0.015689
761.000000	21.281000	167.771117	-0.014786
762.000000	21.283000	167.802587	-0.023844
763.000000	21.285000	167.834059	-0.029923
764.000000	21.287000	167.865533	-0.038834
765.000000	21.289000	167.897010	-0.048233
766.000000	21.291000	167.928493	-0.048404
767.000000	21.293000	167.959976	-0.044767
768.000000	21.295000	167.991462	-0.042008
769.000000	21.297000	168.022951	-0.030411
770.000000	21.299000	168.054443	-0.016178
771.000000	21.301000	168.085940	-0.010563
772.000000	21.303000	168.117438	-0.003873
773.000000	21.305000	168.148939	-0.002726
774.000000	21.307000	168.180443	-0.000895
775.000000	21.309000	168.211952	-0.001041
776.000000	21.311000	168.243462	-0.000919
777.000000	21.313000	168.274974	-0.001896
778.000000	21.315000	168.306490	-0.001456
779.000000	21.317000	168.338009	-0.001896
780.000000	21.319000	168.369532	-0.002335
781.000000	21.321000	168.401057	-0.001212
782.000000	21.323000	168.432584	-0.001236
783.000000	21.325000	168.464115	-0.001065
784.000000	21.327000	168.495648	-0.000699
785.000000	21.329000	168.527187	-0.000919
786.000000	21.331000	168.558726	-0.001188
787.000000	21.333000	168.590268	-0.001407
788.000000	21.335000	168.621813	-0.002897
789.000000	21.337000	168.653363	-0.002750
790.000000	21.339000	168.684915	-0.003995
791.000000	21.341000	168.716469	-0.004142
792.000000	21.343000	168.748026	-0.004557
793.000000	21.345000	168.779586	-0.007145
794.000000	21.347000	168.811150	-0.005997
795.000000	21.349000	168.842716	-0.007877
796.000000	21.351000	168.874285	-0.010367
797.000000	21.353000	168.905857	-0.010392
798.000000	21.355000	168.937432	-0.012125
799.000000	21.357000	168.969011	-0.010514
800.000000	21.359000	169.000592	-0.011222
801.000000	21.361000	169.032175	-0.006974
802.000000	21.363000	169.063762	-0.005216
803.000000	21.365000	169.095353	-0.002579
804.000000	21.367000	169.126946	-0.000919
805.000000	21.369000	169.158541	-0.002408
806.000000	21.371000	169.190140	-0.001383
807.000000	21.373000	169.221741	-0.001383
808.000000	21.375000	169.253347	-0.001261
809.000000	21.377000	169.284954	-0.001627
810.000000	21.379000	169.316564	-0.001627
811.000000	21.381000	169.348177	-0.001627
812.000000	21.383000	169.379793	-0.002335
813.000000	21.385000	169.411414	-0.001725
814.000000	21.387000	169.443036	-0.001285
815.000000	21.389000	169.474661	-0.001310
816.000000	21.391000	169.506289	-0.001212
817.000000	21.393000	169.537922	-0.001822
818.000000	21.395000	169.569556	-0.001676
819.000000	21.397000	169.601192	-0.002091
820.000000	21.399000	169.632832	-0.002457
821.000000	21.401000	169.664474	-0.003067
822.000000	21.403000	169.696122	-0.003995
823.000000	21.405000	169.727770	-0.004483
824.000000	21.407000	169.759422	-0.007022
825.000000	21.409000	169.791076	-0.007169
826.000000	21.411000	169.822734	-0.011295
827.000000	21.413000	169.854396	-0.010367
828.000000	21.415000	169.886059	-0.015006
829.000000	21.417000	169.917725	-0.019791
830.000000	21.419000	169.949395	-0.018033
831.000000	21.421000	169.981069	-0.012125
832.000000	21.423000	170.012744	-0.009659
833.000000	21.425000	170.044422	-0.004923
834.000000	21.427000	170.076103	-0.002335
835.000000	21.429000	170.107787	-0.001358
836.000000	21.431000	170.139475	-0.001700
837.000000	21.433000	170.171165	-0.001749
838.000000	21.435000	170.202858	-0.000406
839.000000	21.437000	170.234554	-0.000895
840.000000	21.439000	170.266252	-0.000650
841.000000	21.441000	170.297956	-0.001114
842.000000	21.443000	170.329660	-0.000772
843.000000	21.445000	170.361368	-0.000626
844.000000	21.447000	170.393078	-0.000919
845.000000	21.449000	170.424794	-0.001090
846.000000	21.451000	170.456510	-0.000699
847.000000	21.453000	170.488229	-0.000919
848.000000	21.455000	170.519952	-0.000919
849.000000	21.457000	170.551677	-0.000943
850.000000	21.459000	170.583407	-0.001310
851.000000	21.461000	170.615138	-0.000528
852.000000	21.463000	170.646872	-0.001285
853.000000	21.465000	170.678609	-0.002091
854.000000	21.467000	170.710349	-0.001944
855.000000	21.469000	170.742094	-0.001212
856.000000	21.471000	170.773840	-0.002213
857.000000	21.473000	170.805589	-0.002848
858.000000	21.475000	170.837341	-0.003019
859.000000	21.477000	170.869097	-0.004532
860.000000	21.479000	170.900855	-0.004142
861.000000	21.481000	170.932616	-0.003507
862.000000	21.483000	170.964379	-0.004264
863.000000	21.485000	170.996146	-0.003019
864.000000	21.487000	171.027917	-0.003189
865.000000	21.489000	171.059690	-0.001944
866.000000	21.491000	171.091465	-0.001212
867.000000	21.493000	171.123243	-0.001383
868.000000	21.495000	171.155025	-0.000699
869.000000	21.497000	171.186811	-0.001334
870.000000	21.499000	171.218598	-0.000772
871.000000	21.501000	171.250388	-0.001041
872.000000	21.503000	171.282181	-0.000968
873.000000	21.505000	171.313979	-0.001627
874.000000	21.507000	171.345778	-0.000675
875.000000	21.509000	171.377580	-0.001041
876.000000	21.511000	171.409385	-0.001236
877.000000	21.513000	171.441193	-0.001285
878.000000	21.515000	171.473006	-0.000675
879.000000	21.517000	171.504820	-0.000992
880.000000	21.519000	171.536636	-0.000992
881.000000	21.521000	171.568456	-0.000992
882.000000	21.523000	171.600279	-0.001139
883.000000	21.525000	171.632106	-0.000919
884.000000	21.527000	171.663935	-0.001236
885.000000	21.529000	171.695766	-0.001114
886.000000	21.531000	171.727600	-0.001163
887.000000	21.533000	171.759440	-0.001041
888.000000	21.535000	171.791280	-0.001773
889.000000	21.537000	171.823123	-0.002164
890.000000	21.539000	171.854970	-0.002164
891.000000	21.541000	171.886819	-0.002457
892.000000	21.543000	171.918673	-0.002359
893.000000	21.545000	171.950528	-0.001847
894.000000	21.547000	171.982386	-0.002091
895.000000	21.549000	172.014247	-0.001578
896.000000	21.551000	172.046111	-0.001480
897.000000	21.553000	172.077980	-0.001383
898.000000	21.555000	172.109849	-0.001310
899.000000	21.557000	172.141722	-0.001334
900.000000	21.559000	172.173598	-0.000675
901.000000	21.561000	172.205479	-0.000748
902.000000	21.563000	172.237360	-0.001456
903.000000	21.565000	172.269245	-0.001090
904.000000	21.567000	172.301132	-0.001310
905.000000	21.569000	172.333023	-0.001188
906.000000	21.571000	172.364918	-0.001041
907.000000	21.573000	172.396815	-0.000919
908.000000	21.575000	172.428714	-0.001114
909.000000	21.577000	172.460616	-0.000821
910.000000	21.579000	172.492523	-0.001065
911.000000	21.581000	172.524432	-0.001651
912.000000	21.583000	172.556343	-0.000870
913.000000	21.585000	172.588257	-0.001285
914.000000	21.587000	172.620174	-0.000748
915.000000	21.589000	172.652096	-0.001261
916.000000	21.591000	172.684019	-0.001090
917.000000	21.593000	172.715945	-0.001383
918.000000	21.595000	172.747873	-0.001383
919.000000	21.597000	172.779805	-0.000553
920.000000	21.599000	172.811742	-0.001480
921.000000	21.601000	172.843680	-0.001236
922.000000	21.603000	172.875620	-0.001310
923.000000	21.605000	172.907564	-0.001627
924.000000	21.607000	172.939512	-0.001505
925.000000	21.609000	172.971462	-0.001505
926.000000	21.611000	173.003414	-0.001407
927.000000	21.613000	173.035370	-0.001627
928.000000	21.615000	173.067328	-0.000821
929.000000	21.617000	173.099291	-0.000968
930.000000	21.619000	173.131256	-0.001627
931.000000	21.621000	173.163223	-0.001456
932.000000	21.623000	173.195193	-0.001285
933.000000	21.625000	173.227166	-0.001163
934.000000	21.627000	173.259144	-0.000919
935.000000	21.629000	173.291123	-0.000968
936.000000	21.631000	173.323105	-0.001700
937.000000	21.633000	173.355090	-0.001310
938.000000	21.635000	173.387080	-0.001114
939.000000	21.637000	173.419071	-0.001358
940.000000	21.639000	173.451064	-0.000870
941.000000	21.641000	173.483061	-0.001749
942.000000	21.643000	173.515061	-0.001163
943.000000	21.645000	173.547065	-0.001578
944.000000	21.647000	173.579071	-0.001041
945.000000	21.649000	173.611080	-0.000821
946.000000	21.651000	173.643091	-0.001188
947.000000	21.653000	173.675105	-0.001017
948.000000	21.655000	173.707125	-0.001383
949.000000	21.657000	173.739145	-0.001285
950.000000	21.659000	173.771168	-0.000870
951.000000	21.661000	173.803195	-0.001554
952.000000	21.663000	173.835226	-0.001505
953.000000	21.665000	173.867258	-0.001407
954.000000	21.667000	173.899293	-0.000895
955.000000	21.669000	173.931331	-0.001139
956.000000	21.671000	173.963372	-0.000797
957.000000	21.673000	173.995418	-0.000724
958.000000	21.675000	174.027465	-0.000699
959.000000	21.677000	174.059515	-0.000919
960.000000	21.679000	174.091567	-0.000748
961.000000	21.681000	174.123623	-0.000675
962.000000	21.683000	174.155684	-0.000846
963.000000	21.685000	174.187745	-0.001041
964.000000	21.687000	174.219810	-0.000943
965.000000	21.689000	174.251878	-0.001163
966.000000	21.691000	174.283950	-0.001163
967.000000	21.693000	174.316023	-0.000699
968.000000	21.695000	174.348100	-0.001041
969.000000	21.697000	174.380179	-0.000797
970.000000	21.699000	174.412261	-0.001285
971.000000	21.701000	174.444349	-0.000626
972.000000	21.703000	174.476437	-0.001041
973.000000	21.705000	174.508528	-0.000919
974.000000	21.707000	174.540622	-0.000992
975.000000	21.709000	174.572719	-0.000431
976.000000	21.711000	174.604821	-0.000748
977.000000	21.713000	174.636924	-0.001041
978.000000	21.715000	174.669030	-0.001065
979.000000	21.717000	174.701139	-0.000528
980.000000	21.719000	174.733253	-0.000919
981.000000	21.721000	174.765367	-0.001285
982.000000	21.723000	174.797485	-0.001163
983.000000	21.725000	174.829606	-0.001383
984.000000	21.727000	174.861729	-0.001749
985.000000	21.729000	174.893858	-0.000797
986.000000	21.731000	174.925987	-0.001065
987.000000	21.733000	174.958120	-0.000724
988.000000	21.735000	174.990255	-0.000821
989.000000	21.737000	175.022394	-0.000919
990.000000	21.739000	175.054537	-0.000675
991.000000	21.741000	175.086681	-0.000699
992.000000	21.743000	175.118828	-0.001163
993.000000	21.745000	175.150979	-0.000968
994.000000	21.747000	175.183134	-0.000846
995.000000	21.749000	175.215290	-0.000431
996.000000	21.751000	175.247449	-0.001114
997.000000	21.753000	175.279611	-0.000870
998.000000	21.755000	175.311776	-0.000992
999.000000	21.757000	175.343946	-0.001432
1000.000000	21.759000	175.376116	-0.001749
