0.000000	19.759000	144.678910	0.001620
1.000000	19.761000	144.708134	0.001229
2.000000	19.763000	144.737360	0.001645
3.000000	19.765000	144.766589	0.001449
4.000000	19.767000	144.795821	0.001498
5.000000	19.769000	144.825056	0.001303
6.000000	19.771000	144.854294	0.001425
7.000000	19.773000	144.883534	0.001400
8.000000	19.775000	144.912778	0.001205
9.000000	19.777000	144.942025	0.001181
10.000000	19.779000	144.971275	0.000937
11.000000	19.781000	145.000527	0.001034
12.000000	19.783000	145.029783	0.001571
13.000000	19.785000	145.059042	0.000961
14.000000	19.787000	145.088303	0.001913
15.000000	19.789000	145.117568	0.001474
16.000000	19.791000	145.146835	0.001059
17.000000	19.793000	145.176105	0.001059
18.000000	19.795000	145.205379	0.001059
19.000000	19.797000	145.234655	0.000497
20.000000	19.799000	145.263934	0.001352
21.000000	19.801000	145.293216	0.001010
22.000000	19.803000	145.322502	0.001327
23.000000	19.805000	145.351790	0.000839
24.000000	19.807000	145.381081	0.000766
25.000000	19.809000	145.410375	0.001132
26.000000	19.811000	145.439672	0.001303
27.000000	19.813000	145.468972	0.001181
28.000000	19.815000	145.498274	0.001278
29.000000	19.817000	145.527580	0.001181
30.000000	19.819000	145.556889	0.001327
31.000000	19.821000	145.586201	0.001132
32.000000	19.823000	145.615515	0.001303
33.000000	19.825000	145.644833	0.001376
34.000000	19.827000	145.674153	0.001376
35.000000	19.829000	145.703477	0.001474
36.000000	19.831000	145.732803	0.001132
37.000000	19.833000	145.762133	0.001303
38.000000	19.835000	145.791465	0.001205
39.000000	19.837000	145.820800	0.001181
40.000000	19.839000	145.850139	0.001132
41.000000	19.841000	145.879480	0.001376
42.000000	19.843000	145.908824	0.001449
43.000000	19.845000	145.938171	0.001400
44.000000	19.847000	145.967521	0.000888
45.000000	19.849000	145.996874	0.000766
46.000000	19.851000	146.026230	0.001449
47.000000	19.853000	146.055589	0.000595
48.000000	19.855000	146.084951	0.001303
49.000000	19.857000	146.114316	0.001278
50.000000	19.859000	146.143683	0.001547
51.000000	19.861000	146.173054	0.001645
52.000000	19.863000	146.202428	0.001229
53.000000	19.865000	146.231804	0.001571
54.000000	19.867000	146.261184	0.001522
55.000000	19.869000	146.290567	0.001376
56.000000	19.871000	146.319952	0.001107
57.000000	19.873000	146.349340	0.001718
58.000000	19.875000	146.378732	0.001205
59.000000	19.877000	146.408126	0.001498
60.000000	19.879000	146.437523	0.001059
61.000000	19.881000	146.466924	0.001132
62.000000	19.883000	146.496327	0.001449
63.000000	19.885000	146.525733	0.001352
64.000000	19.887000	146.555142	0.001303
65.000000	19.889000	146.584554	0.001522
66.000000	19.891000	146.613969	0.001449
67.000000	19.893000	146.643387	0.001132
68.000000	19.895000	146.672808	0.001522
69.000000	19.897000	146.702232	0.001059
70.000000	19.899000	146.731658	0.001278
71.000000	19.901000	146.761088	0.001693
72.000000	19.903000	146.790521	0.001034
73.000000	19.905000	146.819956	0.001645
74.000000	19.907000	146.849395	0.001205
75.000000	19.909000	146.878837	0.001522
76.000000	19.911000	146.908281	0.001156
77.000000	19.913000	146.937728	0.001571
78.000000	19.915000	146.967179	0.001449
79.000000	19.917000	146.996632	0.001205
80.000000	19.919000	147.026089	0.001083
81.000000	19.921000	147.055548	0.001303
82.000000	19.923000	147.085010	0.001303
83.000000	19.925000	147.114475	0.001645
84.000000	19.927000	147.143943	0.001229
85.000000	19.929000	147.173414	0.001229
86.000000	19.931000	147.202888	0.001303
87.000000	19.933000	147.232365	0.001132
88.000000	19.935000	147.261845	0.001522
89.000000	19.937000	147.291328	0.001669
90.000000	19.939000	147.320814	0.001547
91.000000	19.941000	147.350302	0.001693
92.000000	19.943000	147.379794	0.001278
93.000000	19.945000	147.409289	0.001596
94.000000	19.947000	147.438787	0.001522
95.000000	19.949000	147.468287	0.001229
96.000000	19.951000	147.497791	0.001181
97.000000	19.953000	147.527297	0.001449
98.000000	19.955000	147.556806	0.000863
99.000000	19.957000	147.586319	0.001181
100.000000	19.959000	147.615834	0.001425
101.000000	19.961000	147.645352	0.001034
102.000000	19.963000	147.674874	0.001645
103.000000	19.965000	147.704398	0.000937
104.000000	19.967000	147.733925	0.001376
105.000000	19.969000	147.763455	0.001229
106.000000	19.971000	147.792988	0.001474
107.000000	19.973000	147.822524	0.001449
108.000000	19.975000	147.852063	0.001474
109.000000	19.977000	147.881605	0.001132
110.000000	19.979000	147.911150	0.001620
111.000000	19.981000	147.940697	0.001303
112.000000	19.983000	147.970248	0.000937
113.000000	19.985000	147.999802	0.000961
114.000000	19.987000	148.029358	0.001596
115.000000	19.989000	148.058918	0.001181
116.000000	19.991000	148.088480	0.001498
117.000000	19.993000	148.118046	0.000937
118.000000	19.995000	148.147614	0.001205
119.000000	19.997000	148.177186	0.001132
120.000000	19.999000	148.206760	0.001474
121.000000	20.001000	148.236337	0.000961
122.000000	20.003000	148.265918	0.001425
123.000000	20.005000	148.295501	0.001229
124.000000	20.007000	148.325087	0.001352
125.000000	20.009000	148.354676	0.001229
126.000000	20.011000	148.384268	0.001425
127.000000	20.013000	148.413863	0.001205
128.000000	20.015000	148.443461	0.000839
129.000000	20.017000	148.473062	0.001205
130.000000	20.019000	148.502666	0.001254
131.000000	20.021000	148.532273	0.001474
132.000000	20.023000	148.561882	0.001327
133.000000	20.025000	148.591495	0.001010
134.000000	20.027000	148.621111	0.001474
135.000000	20.029000	148.650729	0.001376
136.000000	20.031000	148.680351	0.001010
137.000000	20.033000	148.709975	0.001498
138.000000	20.035000	148.739603	0.001229
139.000000	20.037000	148.769233	0.001254
140.000000	20.039000	148.798866	0.001010
141.000000	20.041000	148.828503	0.001034
142.000000	20.043000	148.858142	0.001522
143.000000	20.045000	148.887784	0.001156
144.000000	20.047000	148.917430	0.001010
145.000000	20.049000	148.947078	0.001181
146.000000	20.051000	148.976728	0.001571
147.000000	20.053000	149.006382	0.001522
148.000000	20.055000	149.036040	0.001181
149.000000	20.057000	149.065699	0.001010
150.000000	20.059000	149.095362	0.001327
151.000000	20.061000	149.125028	0.001059
152.000000	20.063000	149.154697	0.001474
153.000000	20.065000	149.184368	0.001181
154.000000	20.067000	149.214043	0.001254
155.000000	20.069000	149.243721	0.001010
156.000000	20.071000	149.273402	0.001010
157.000000	20.073000	149.303085	0.001181
158.000000	20.075000	149.332772	0.001400
159.000000	20.077000	149.362461	0.000668
160.000000	20.079000	149.392154	0.001010
161.000000	20.081000	149.421848	0.001376
162.000000	20.083000	149.451547	0.001107
163.000000	20.085000	149.481248	0.001254
164.000000	20.087000	149.510952	0.001181
165.000000	20.089000	149.540660	0.000814
166.000000	20.091000	149.570370	0.001132
167.000000	20.093000	149.600083	0.000888
168.000000	20.095000	149.629798	0.000839
169.000000	20.097000	149.659517	0.000717
170.000000	20.099000	149.689239	0.000253
171.000000	20.101000	149.718964	0.000326
172.000000	20.103000	149.748692	-0.000211
173.000000	20.105000	149.778423	-0.000138
174.000000	20.107000	149.808157	-0.000650
175.000000	20.109000	149.837893	-0.001261
176.000000	20.111000	149.867633	-0.001383
177.000000	20.113000	149.897375	-0.003287
178.000000	20.115000	149.927121	-0.003067
179.000000	20.117000	149.956869	-0.001773
180.000000	20.119000	149.986621	-0.001407
181.000000	20.121000	150.016375	-0.000504
182.000000	20.123000	150.046132	0.001254
183.000000	20.125000	150.075892	0.001034
184.000000	20.127000	150.105656	0.001010
185.000000	20.129000	150.135422	0.001303
186.000000	20.131000	150.165191	0.000082
187.000000	20.133000	150.194963	0.001229
188.000000	20.135000	150.224738	0.000717
189.000000	20.137000	150.254516	0.000888
190.000000	20.139000	150.284297	0.000863
191.000000	20.141000	150.314081	0.000961
192.000000	20.143000	150.343868	0.001083
193.000000	20.145000	150.373657	0.001645
194.000000	20.147000	150.403450	0.000546
195.000000	20.149000	150.433246	0.001083
196.000000	20.151000	150.463044	0.000888
197.000000	20.153000	150.492846	0.000766
198.000000	20.155000	150.522650	0.000692
199.000000	20.157000	150.552458	0.001449
200.000000	20.159000	150.582268	0.001059
201.000000	20.161000	150.612082	0.000961
202.000000	20.163000	150.641898	0.000668
203.000000	20.165000	150.671717	0.000888
204.000000	20.167000	150.701539	-0.000016
205.000000	20.169000	150.731365	-0.000602
206.000000	20.171000	150.761193	-0.000480
207.000000	20.173000	150.791024	-0.002066
208.000000	20.175000	150.820858	-0.002311
209.000000	20.177000	150.850695	-0.002774
210.000000	20.179000	150.880535	-0.001896
211.000000	20.181000	150.910377	-0.002555
212.000000	20.183000	150.940223	-0.002140
213.000000	20.185000	150.970072	-0.002652
214.000000	20.187000	150.999924	-0.002237
215.000000	20.189000	151.029779	-0.000260
216.000000	20.191000	151.059636	-0.001358
217.000000	20.193000	151.089497	-0.001041
218.000000	20.195000	151.119360	-0.000064
219.000000	20.197000	151.149227	-0.000260
220.000000	20.199000	151.179096	-0.000138
221.000000	20.201000	151.208969	0.000424
222.000000	20.203000	151.238844	-0.000382
223.000000	20.205000	151.268722	0.001303
224.000000	20.207000	151.298603	0.000204
225.000000	20.209000	151.328488	0.001132
226.000000	20.211000	151.358375	0.000595
227.000000	20.213000	151.388265	-0.000235
228.000000	20.215000	151.418158	0.000253
229.000000	20.217000	151.448054	-0.000821
230.000000	20.219000	151.477953	-0.000187
231.000000	20.221000	151.507855	-0.002189
232.000000	20.223000	151.537760	-0.001969
233.000000	20.225000	151.567667	-0.003214
234.000000	20.227000	151.597578	-0.003629
235.000000	20.229000	151.627492	-0.005240
236.000000	20.231000	151.657409	-0.008561
237.000000	20.233000	151.687328	-0.010172
238.000000	20.235000	151.717251	-0.011808
239.000000	20.237000	151.747176	-0.018839
240.000000	20.239000	151.777105	-0.023185
241.000000	20.241000	151.807036	-0.031803
242.000000	20.243000	151.836971	-0.044864
243.000000	20.245000	151.866908	-0.056095
244.000000	20.247000	151.896848	-0.059244
245.000000	20.249000	151.926792	-0.070499
246.000000	20.251000	151.956737	-0.065860
247.000000	20.253000	151.986687	-0.051505
248.000000	20.255000	152.016639	-0.035660
249.000000	20.257000	152.046594	-0.027433
250.000000	20.259000	152.076552	-0.006876
251.000000	20.261000	152.106513	-0.007511
252.000000	20.263000	152.136476	-0.004044
253.000000	20.265000	152.166444	-0.003824
254.000000	20.267000	152.196413	0.000033
255.000000	20.269000	152.226386	-0.001798
256.000000	20.271000	152.256361	-0.000626
257.000000	20.273000	152.286340	-0.002286
258.000000	20.275000	152.316322	-0.000382
259.000000	20.277000	152.346306	-0.001383
260.000000	20.279000	152.376294	0.001010
261.000000	20.281000	152.406284	-0.001529
262.000000	20.283000	152.436278	-0.001334
263.000000	20.285000	152.466274	-0.001627
264.000000	20.287000	152.496273	-0.003605
265.000000	20.289000	152.526275	-0.001456
266.000000	20.291000	152.556280	-0.004264
267.000000	20.293000	152.586289	-0.008170
268.000000	20.295000	152.616300	-0.009781
269.000000	20.297000	152.646314	-0.012931
270.000000	20.299000	152.676331	-0.017008
271.000000	20.301000	152.706350	-0.023111
272.000000	20.303000	152.736374	-0.029508
273.000000	20.305000	152.766399	-0.043326
274.000000	20.307000	152.796429	-0.049527
275.000000	20.309000	152.826460	-0.076432
276.000000	20.311000	152.856495	-0.085001
277.000000	20.313000	152.886532	-0.107633
278.000000	20.315000	152.916573	-0.131412
279.000000	20.317000	152.946617	-0.134513
280.000000	20.319000	152.976663	-0.120792
281.000000	20.321000	153.006713	-0.113443
282.000000	20.323000	153.036765	-0.090665
283.000000	20.325000	153.066821	-0.063614
284.000000	20.327000	153.096879	-0.047330
285.000000	20.329000	153.126939	-0.020865
286.000000	20.331000	153.157004	-0.017594
287.000000	20.333000	153.187071	-0.014005
288.000000	20.335000	153.217141	-0.009269
289.000000	20.337000	153.247214	-0.005973
290.000000	20.339000	153.277291	-0.009830
291.000000	20.341000	153.307369	-0.007462
292.000000	20.343000	153.337451	-0.008121
293.000000	20.345000	153.367536	-0.008146
294.000000	20.347000	153.397624	-0.010758
295.000000	20.349000	153.427715	-0.007364
296.000000	20.351000	153.457808	-0.011148
297.000000	20.353000	153.487905	-0.011954
298.000000	20.355000	153.518005	-0.013565
299.000000	20.357000	153.548107	-0.016935
300.000000	20.359000	153.578213	-0.021842
301.000000	20.361000	153.608321	-0.026529
302.000000	20.363000	153.638433	-0.029020
303.000000	20.365000	153.668547	-0.042105
304.000000	20.367000	153.698665	-0.052140
305.000000	20.369000	153.728785	-0.063248
306.000000	20.371000	153.758907	-0.081974
307.000000	20.373000	153.789034	-0.107242
308.000000	20.375000	153.819163	-0.133048
309.000000	20.377000	153.849295	-0.174723
310.000000	20.379000	153.879430	-0.233121
311.000000	20.381000	153.909569	-0.281632
312.000000	20.383000	153.939709	-0.308438
313.000000	20.385000	153.969853	-0.314469
314.000000	20.387000	154.000000	-0.290665
315.000000	20.389000	154.030149	-0.220621
316.000000	20.391000	154.060303	-0.142276
317.000000	20.393000	154.090458	-0.078019
318.000000	20.395000	154.120617	-0.032096
319.000000	20.397000	154.150778	-0.019840
320.000000	20.399000	154.180943	-0.005240
321.000000	20.401000	154.211110	-0.008927
322.000000	20.403000	154.241281	-0.008976
323.000000	20.405000	154.271454	-0.007779
324.000000	20.407000	154.301630	-0.006803
325.000000	20.409000	154.331810	-0.007584
326.000000	20.411000	154.361992	-0.004508
327.000000	20.413000	154.392178	-0.000553
328.000000	20.415000	154.422366	-0.001139
329.000000	20.417000	154.452556	0.001840
330.000000	20.419000	154.482751	0.001962
331.000000	20.421000	154.512947	0.001986
332.000000	20.423000	154.543148	-0.000187
333.000000	20.425000	154.573350	0.000082
334.000000	20.427000	154.603557	-0.001969
335.000000	20.429000	154.633765	-0.002945
336.000000	20.431000	154.663977	-0.004557
337.000000	20.433000	154.694192	-0.005948
338.000000	20.435000	154.724409	-0.006314
339.000000	20.437000	154.754630	-0.013443
340.000000	20.439000	154.784853	-0.012247
341.000000	20.441000	154.815080	-0.018302
342.000000	20.443000	154.845310	-0.021305
343.000000	20.445000	154.875542	-0.026578
344.000000	20.447000	154.905777	-0.032828
345.000000	20.449000	154.936015	-0.042154
346.000000	20.451000	154.966257	-0.040934
347.000000	20.453000	154.996501	-0.038712
348.000000	20.455000	155.026749	-0.030655
349.000000	20.457000	155.056998	-0.021988
350.000000	20.459000	155.087251	-0.009439
351.000000	20.461000	155.117508	-0.005704
352.000000	20.463000	155.147766	-0.004093
353.000000	20.465000	155.178029	0.000082
354.000000	20.467000	155.208293	-0.003605
355.000000	20.469000	155.238561	-0.000235
356.000000	20.471000	155.268832	-0.000772
357.000000	20.473000	155.299105	-0.001407
358.000000	20.475000	155.329382	-0.000724
359.000000	20.477000	155.359662	-0.000406
360.000000	20.479000	155.389945	-0.000504
361.000000	20.481000	155.420230	-0.000650
362.000000	20.483000	155.450519	0.000131
363.000000	20.485000	155.480810	0.000424
364.000000	20.487000	155.511104	0.000937
365.000000	20.489000	155.541402	-0.001334
366.000000	20.491000	155.571702	0.000326
367.000000	20.493000	155.602005	-0.001065
368.000000	20.495000	155.632311	-0.000772
369.000000	20.497000	155.662621	-0.000138
370.000000	20.499000	155.692933	-0.000626
371.000000	20.501000	155.723247	-0.001285
372.000000	20.503000	155.753566	-0.001334
373.000000	20.505000	155.783886	-0.003873
374.000000	20.507000	155.814211	-0.001627
375.000000	20.509000	155.844537	-0.003653
376.000000	20.511000	155.874868	-0.005460
377.000000	20.513000	155.905200	-0.003971
378.000000	20.515000	155.935535	-0.005802
379.000000	20.517000	155.965874	-0.006900
380.000000	20.519000	155.996216	-0.006778
381.000000	20.521000	156.026561	-0.005704
382.000000	20.523000	156.056908	-0.001969
383.000000	20.525000	156.087259	-0.002335
384.000000	20.527000	156.117612	-0.000089
385.000000	20.529000	156.147968	0.000521
386.000000	20.531000	156.178328	-0.000235
387.000000	20.533000	156.208689	0.000375
388.000000	20.535000	156.239055	-0.000113
389.000000	20.537000	156.269423	0.000253
390.000000	20.539000	156.299795	0.000473
391.000000	20.541000	156.330168	0.000204
392.000000	20.543000	156.360545	0.000351
393.000000	20.545000	156.390925	0.000497
394.000000	20.547000	156.421308	-0.000357
395.000000	20.549000	156.451694	0.000155
396.000000	20.551000	156.482083	0.000228
397.000000	20.553000	156.512475	0.001205
398.000000	20.555000	156.542869	-0.000040
399.000000	20.557000	156.573267	0.000155
400.000000	20.559000	156.603668	-0.000138
401.000000	20.561000	156.634071	0.000814
402.000000	20.563000	156.664478	0.000131
403.000000	20.565000	156.694887	0.000448
404.000000	20.567000	156.725300	0.000473
405.000000	20.569000	156.755715	-0.000040
406.000000	20.571000	156.786133	-0.000016
407.000000	20.573000	156.816555	0.000106
408.000000	20.575000	156.846979	-0.000284
409.000000	20.577000	156.877406	-0.000333
410.000000	20.579000	156.907836	-0.000650
411.000000	20.581000	156.938270	-0.001847
412.000000	20.583000	156.968705	-0.000919
413.000000	20.585000	156.999144	-0.000187
414.000000	20.587000	157.029586	-0.000724
415.000000	20.589000	157.060031	0.000497
416.000000	20.591000	157.090479	-0.000724
417.000000	20.593000	157.120930	0.000473
418.000000	20.595000	157.151384	0.000155
419.000000	20.597000	157.181840	-0.000553
420.000000	20.599000	157.212300	0.000106
421.000000	20.601000	157.242763	-0.000284
422.000000	20.603000	157.273228	0.000180
423.000000	20.605000	157.303697	0.000009
424.000000	20.607000	157.334168	-0.000016
425.000000	20.609000	157.364643	-0.000089
426.000000	20.611000	157.395120	-0.000309
427.000000	20.613000	157.425600	0.000082
428.000000	20.615000	157.456083	-0.000064
429.000000	20.617000	157.486569	-0.000064
430.000000	20.619000	157.517059	0.000009
431.000000	20.621000	157.547551	-0.000431
432.000000	20.623000	157.578046	-0.000089
433.000000	20.625000	157.608544	-0.000211
434.000000	20.627000	157.639044	-0.000480
435.000000	20.629000	157.669549	-0.000309
436.000000	20.631000	157.700055	0.000180
437.000000	20.633000	157.730566	-0.000040
438.000000	20.635000	157.761078	0.000009
439.000000	20.637000	157.791594	-0.000187
440.000000	20.639000	157.822113	-0.000480
441.000000	20.641000	157.852634	0.000082
442.000000	20.643000	157.883159	-0.000650
443.000000	20.645000	157.913686	-0.000406
444.000000	20.647000	157.944217	0.000033
445.000000	20.649000	157.974750	-0.000309
446.000000	20.651000	158.005287	0.000131
447.000000	20.653000	158.035826	-0.000431
448.000000	20.655000	158.066368	-0.000895
449.000000	20.657000	158.096913	0.000473
450.000000	20.659000	158.127461	0.000424
451.000000	20.661000	158.158013	-0.000113
452.000000	20.663000	158.188567	0.000644
453.000000	20.665000	158.219124	-0.000138
454.000000	20.667000	158.249684	0.000375
455.000000	20.669000	158.280247	0.000448
456.000000	20.671000	158.310813	0.000228
457.000000	20.673000	158.341381	0.000595
458.000000	20.675000	158.371953	0.001083
459.000000	20.677000	158.402528	-0.000064
460.000000	20.679000	158.433106	0.000717
461.000000	20.681000	158.463686	0.000619
462.000000	20.683000	158.494270	0.000570
463.000000	20.685000	158.524857	0.000497
464.000000	20.687000	158.555446	0.000155
465.000000	20.689000	158.586039	0.000912
466.000000	20.691000	158.616634	-0.000138
467.000000	20.693000	158.647232	0.000326
468.000000	20.695000	158.677833	0.000521
469.000000	20.697000	158.708438	0.000546
470.000000	20.699000	158.739045	0.000082
471.000000	20.701000	158.769655	0.000644
472.000000	20.703000	158.800268	0.000424
473.000000	20.705000	158.830884	0.000619
474.000000	20.707000	158.861503	-0.000016
475.000000	20.709000	158.892125	0.000375
476.000000	20.711000	158.922750	0.000082
477.000000	20.713000	158.953378	-0.000016
478.000000	20.715000	158.984008	0.000375
479.000000	20.717000	159.014643	0.000253
480.000000	20.719000	159.045279	-0.000675
481.000000	20.721000	159.075919	0.000375
482.000000	20.723000	159.106561	0.000277
483.000000	20.725000	159.137207	-0.000064
484.000000	20.727000	159.167856	-0.000064
485.000000	20.729000	159.198507	0.000204
486.000000	20.731000	159.229162	0.000619
487.000000	20.733000	159.259819	-0.000138
488.000000	20.735000	159.290479	0.000106
489.000000	20.737000	159.321142	0.000375
490.000000	20.739000	159.351809	-0.000309
491.000000	20.741000	159.382478	-0.000235
492.000000	20.743000	159.413149	-0.000504
493.000000	20.745000	159.443825	0.000253
494.000000	20.747000	159.474503	0.000570
495.000000	20.749000	159.505184	-0.000016
496.000000	20.751000	159.535868	0.000253
497.000000	20.753000	159.566555	0.000399
498.000000	20.755000	159.597245	0.000204
499.000000	20.757000	159.627937	0.000204
500.000000	20.759000	159.658633	-0.000260
501.000000	20.761000	159.689332	0.000058
502.000000	20.763000	159.720034	0.000253
503.000000	20.765000	159.750738	0.000473
504.000000	20.767000	159.781445	0.000204
505.000000	20.769000	159.812155	0.000717
506.000000	20.771000	159.842870	0.000668
507.000000	20.773000	159.873586	0.000082
508.000000	20.775000	159.904305	0.000180
509.000000	20.777000	159.935027	0.000058
510.000000	20.779000	159.965753	0.000204
511.000000	20.781000	159.996481	0.000326
512.000000	20.783000	160.027212	0.000839
513.000000	20.785000	160.057946	0.000131
514.000000	20.787000	160.088682	0.000326
515.000000	20.789000	160.119424	0.000497
516.000000	20.791000	160.150166	0.000399
517.000000	20.793000	160.180912	-0.000113
518.000000	20.795000	160.211660	0.000448
519.000000	20.797000	160.242414	0.000180
520.000000	20.799000	160.273168	0.000228
521.000000	20.801000	160.303925	0.000570
522.000000	20.803000	160.334685	0.000375
523.000000	20.805000	160.365449	-0.000382
524.000000	20.807000	160.396217	0.000204
525.000000	20.809000	160.426986	0.000546
526.000000	20.811000	160.457758	0.000375
527.000000	20.813000	160.488533	0.000204
528.000000	20.815000	160.519311	0.000082
529.000000	20.817000	160.550094	0.000155
530.000000	20.819000	160.580877	0.000497
531.000000	20.821000	160.611664	0.000497
532.000000	20.823000	160.642454	0.001156
533.000000	20.825000	160.673249	0.000058
534.000000	20.827000	160.704044	0.000228
535.000000	20.829000	160.734843	0.000204
536.000000	20.831000	160.765644	0.000424
537.000000	20.833000	160.796449	0.000424
538.000000	20.835000	160.827258	0.000351
539.000000	20.837000	160.858069	0.000033
540.000000	20.839000	160.888882	0.000473
541.000000	20.841000	160.919698	0.000497
542.000000	20.843000	160.950518	0.000375
543.000000	20.845000	160.981342	0.000399
544.000000	20.847000	161.012167	0.000253
545.000000	20.849000	161.042995	-0.000016
546.000000	20.851000	161.073826	0.000009
547.000000	20.853000	161.104662	0.000497
548.000000	20.855000	161.135499	-0.000016
549.000000	20.857000	161.166339	0.000155
550.000000	20.859000	161.197182	0.000839
551.000000	20.861000	161.228028	0.000839
552.000000	20.863000	161.258878	0.000863
553.000000	20.865000	161.289730	0.000180
554.000000	20.867000	161.320585	0.000766
555.000000	20.869000	161.351442	0.000155
556.000000	20.871000	161.382303	0.000228
557.000000	20.873000	161.413168	0.000302
558.000000	20.875000	161.444035	0.000766
559.000000	20.877000	161.474904	0.000546
560.000000	20.879000	161.505777	-0.000162
561.000000	20.881000	161.536654	0.000570
562.000000	20.883000	161.567532	0.000888
563.000000	20.885000	161.598413	0.000058
564.000000	20.887000	161.629298	0.000424
565.000000	20.889000	161.660185	0.000155
566.000000	20.891000	161.691077	0.000766
567.000000	20.893000	161.721970	0.000595
568.000000	20.895000	161.752866	0.000668
569.000000	20.897000	161.783765	0.000766
570.000000	20.899000	161.814667	0.000253
571.000000	20.901000	161.845573	0.000375
572.000000	20.903000	161.876481	0.000082
573.000000	20.905000	161.907392	0.000180
574.000000	20.907000	161.938306	0.000985
575.000000	20.909000	161.969224	0.000082
576.000000	20.911000	162.000144	0.000082
577.000000	20.913000	162.031066	0.000326
578.000000	20.915000	162.061992	0.000058
579.000000	20.917000	162.092920	0.000497
580.000000	20.919000	162.123854	-0.000089
581.000000	20.921000	162.154788	0.000228
582.000000	20.923000	162.185725	0.000546
583.000000	20.925000	162.216666	-0.000113
584.000000	20.927000	162.247609	0.000155
585.000000	20.929000	162.278557	0.000521
586.000000	20.931000	162.309506	0.000546
587.000000	20.933000	162.340458	0.000326
588.000000	20.935000	162.371413	0.000644
589.000000	20.937000	162.402373	0.000228
590.000000	20.939000	162.433334	0.000253
591.000000	20.941000	162.464298	0.000424
592.000000	20.943000	162.495264	-0.000089
593.000000	20.945000	162.526234	0.000766
594.000000	20.947000	162.557209	0.000448
595.000000	20.949000	162.588184	-0.000089
596.000000	20.951000	162.619163	0.000180
597.000000	20.953000	162.650145	0.000326
598.000000	20.955000	162.681129	-0.000016
599.000000	20.957000	162.712119	0.000375
600.000000	20.959000	162.743109	0.000058
601.000000	20.961000	162.774102	0.000082
602.000000	20.963000	162.805099	-0.000480
603.000000	20.965000	162.836100	-0.000602
604.000000	20.967000	162.867102	-0.000992
605.000000	20.969000	162.898107	-0.001163
606.000000	20.971000	162.929115	-0.001065
607.000000	20.973000	162.960127	-0.000968
608.000000	20.975000	162.991142	0.000106
609.000000	20.977000	163.022159	-0.000943
610.000000	20.979000	163.053179	0.000375
611.000000	20.981000	163.084202	-0.000064
612.000000	20.983000	163.115228	-0.000089
613.000000	20.985000	163.146259	0.000375
614.000000	20.987000	163.177291	-0.000113
615.000000	20.989000	163.208325	0.000326
616.000000	20.991000	163.239363	0.000106
617.000000	20.993000	163.270405	0.000766
618.000000	20.995000	163.301449	0.000448
619.000000	20.997000	163.332495	-0.000089
620.000000	20.999000	163.363545	0.000009
621.000000	21.001000	163.394597	-0.000309
622.000000	21.003000	163.425654	-0.000333
623.000000	21.005000	163.456713	0.000131
624.000000	21.007000	163.487774	0.000131
625.000000	21.009000	163.518838	0.000204
626.000000	21.011000	163.549905	-0.000650
627.000000	21.013000	163.580977	-0.001578
628.000000	21.015000	163.612050	-0.001114
629.000000	21.017000	163.643126	-0.001993
630.000000	21.019000	163.674205	-0.002164
631.000000	21.021000	163.705289	-0.002262
632.000000	21.023000	163.736374	-0.005411
633.000000	21.025000	163.767462	-0.006852
634.000000	21.027000	163.798553	-0.007657
635.000000	21.029000	163.829646	-0.008390
636.000000	21.031000	163.860745	-0.010953
637.000000	21.033000	163.891845	-0.012809
638.000000	21.035000	163.922947	-0.012076
639.000000	21.037000	163.954053	-0.010123
640.000000	21.039000	163.985163	-0.006803
641.000000	21.041000	164.016274	-0.005021
642.000000	21.043000	164.047389	-0.002848
643.000000	21.045000	164.078506	0.000595
644.000000	21.047000	164.109626	-0.000431
645.000000	21.049000	164.140752	0.000668
646.000000	21.051000	164.171878	0.000082
647.000000	21.053000	164.203007	0.000814
648.000000	21.055000	164.234139	0.000180
649.000000	21.057000	164.265274	-0.000089
650.000000	21.059000	164.296414	0.000424
651.000000	21.061000	164.327555	-0.000284
652.000000	21.063000	164.358699	0.000253
653.000000	21.065000	164.389845	0.000937
654.000000	21.067000	164.420997	0.000326
655.000000	21.069000	164.452150	0.000082
656.000000	21.071000	164.483306	-0.000382
657.000000	21.073000	164.514464	-0.001236
658.000000	21.075000	164.545626	-0.000016
659.000000	21.077000	164.576792	-0.000821
660.000000	21.079000	164.607960	-0.000284
661.000000	21.081000	164.639130	-0.001871
662.000000	21.083000	164.670304	-0.001773
663.000000	21.085000	164.701480	-0.003629
664.000000	21.087000	164.732661	-0.003409
665.000000	21.089000	164.763843	-0.003556
666.000000	21.091000	164.795029	-0.007389
667.000000	21.093000	164.826217	-0.009830
668.000000	21.095000	164.857410	-0.012101
669.000000	21.097000	164.888604	-0.011612
670.000000	21.099000	164.919801	-0.013102
671.000000	21.101000	164.951001	-0.012857
672.000000	21.103000	164.982204	-0.006778
673.000000	21.105000	165.013411	-0.004947
674.000000	21.107000	165.044620	-0.003458
675.000000	21.109000	165.075832	-0.001651
676.000000	21.111000	165.107047	-0.001993
677.000000	21.113000	165.138264	-0.001065
678.000000	21.115000	165.169487	0.000595
679.000000	21.117000	165.200710	0.000277
680.000000	21.119000	165.231937	-0.000187
681.000000	21.121000	165.263166	-0.000260
682.000000	21.123000	165.294401	-0.000187
683.000000	21.125000	165.325636	-0.000040
684.000000	21.127000	165.356874	0.000082
685.000000	21.129000	165.388116	-0.000724
686.000000	21.131000	165.419360	-0.000211
687.000000	21.133000	165.450609	0.000741
688.000000	21.135000	165.481859	-0.000333
689.000000	21.137000	165.513112	-0.000138
690.000000	21.139000	165.544368	-0.000968
691.000000	21.141000	165.575627	-0.001188
692.000000	21.143000	165.606891	-0.000455
693.000000	21.145000	165.638156	-0.001993
694.000000	21.147000	165.669423	-0.002726
695.000000	21.149000	165.700694	-0.003336
696.000000	21.151000	165.731970	-0.002384
697.000000	21.153000	165.763247	-0.006510
698.000000	21.155000	165.794526	-0.006559
699.000000	21.157000	165.825809	-0.009391
700.000000	21.159000	165.857094	-0.009415
701.000000	21.161000	165.888385	-0.012980
702.000000	21.163000	165.919676	-0.013956
703.000000	21.165000	165.950970	-0.013199
704.000000	21.167000	165.982268	-0.007535
705.000000	21.169000	166.013568	-0.008854
706.000000	21.171000	166.044873	-0.004337
707.000000	21.173000	166.076179	-0.001529
708.000000	21.175000	166.107489	-0.000675
709.000000	21.177000	166.138801	0.000888
710.000000	21.179000	166.170118	-0.000943
711.000000	21.181000	166.201436	0.000766
712.000000	21.183000	166.232757	0.000399
713.000000	21.185000	166.264080	-0.000504
714.000000	21.187000	166.295407	-0.000016
715.000000	21.189000	166.326739	0.000253
716.000000	21.191000	166.358072	0.000546
717.000000	21.193000	166.389407	0.000375
718.000000	21.195000	166.420746	0.000155
719.000000	21.197000	166.452088	0.001010
720.000000	21.199000	166.483434	0.000058
721.000000	21.201000	166.514782	0.000619
722.000000	21.203000	166.546132	-0.000040
723.000000	21.205000	166.577485	-0.000431
724.000000	21.207000	166.608844	-0.000113
725.000000	21.209000	166.640203	-0.000724
726.000000	21.211000	166.671565	-0.000992
727.000000	21.213000	166.702931	-0.000797
728.000000	21.215000	166.734299	-0.001505
729.000000	21.217000	166.765672	-0.001749
730.000000	21.219000	166.797046	-0.003751
731.000000	21.221000	166.828423	-0.003189
732.000000	21.223000	166.859803	-0.004215
733.000000	21.225000	166.891186	-0.004166
734.000000	21.227000	166.922573	-0.005460
735.000000	21.229000	166.953962	-0.005069
736.000000	21.231000	166.985354	-0.005436
737.000000	21.233000	167.016749	-0.002872
738.000000	21.235000	167.048148	-0.002335
739.000000	21.237000	167.079549	-0.001920
740.000000	21.239000	167.110952	-0.001407
741.000000	21.241000	167.142359	-0.001285
742.000000	21.243000	167.173768	-0.001969
743.000000	21.245000	167.205183	-0.000577
744.000000	21.247000	167.236598	-0.001163
745.000000	21.249000	167.268016	0.000326
746.000000	21.251000	167.299438	-0.000553
747.000000	21.253000	167.330862	-0.000772
748.000000	21.255000	167.362291	-0.000724
749.000000	21.257000	167.393721	-0.002018
750.000000	21.259000	167.425154	-0.001334
751.000000	21.261000	167.456590	-0.000309
752.000000	21.263000	167.488031	-0.000724
753.000000	21.265000	167.519473	-0.002140
754.000000	21.267000	167.550918	-0.001920
755.000000	21.269000	167.582366	-0.001969
756.000000	21.271000	167.613817	-0.002897
757.000000	21.273000	167.645272	-0.005289
758.000000	21.275000	167.676729	-0.007193
759.000000	21.277000	167.708189	-0.008414
760.000000	21.279000	167.739651	-0.010343
761.000000	21.281000	167.771117	-0.016031
762.000000	21.283000	167.802587	-0.018009
763.000000	21.285000	167.834059	-0.026822
764.000000	21.287000	167.865533	-0.034098
765.000000	21.289000	167.897010	-0.041251
766.000000	21.291000	167.928493	-0.043766
767.000000	21.293000	167.959976	-0.045792
768.000000	21.295000	167.991462	-0.033390
769.000000	21.297000	168.022951	-0.030411
770.000000	21.299000	168.054443	-0.012589
771.000000	21.301000	168.085940	-0.005655
772.000000	21.303000	168.117438	-0.003507
773.000000	21.305000	168.148939	-0.001456
774.000000	21.307000	168.180443	0.000644
775.000000	21.309000	168.211952	-0.000382
776.000000	21.311000	168.243462	-0.000431
777.000000	21.313000	168.274974	0.000180
778.000000	21.315000	168.306490	-0.001065
779.000000	21.317000	168.338009	-0.000650
780.000000	21.319000	168.369532	0.000058
781.000000	21.321000	168.401057	0.001815
782.000000	21.323000	168.432584	-0.000724
783.000000	21.325000	168.464115	0.001181
784.000000	21.327000	168.495648	0.000155
785.000000	21.329000	168.527187	0.000985
786.000000	21.331000	168.558726	-0.000040
787.000000	21.333000	168.590268	0.000033
788.000000	21.335000	168.621813	-0.000113
789.000000	21.337000	168.653363	-0.001236
790.000000	21.339000	168.684915	-0.001310
791.000000	21.341000	168.716469	-0.002262
792.000000	21.343000	168.748026	-0.003360
793.000000	21.345000	168.779586	-0.003019
794.000000	21.347000	168.811150	-0.005680
795.000000	21.349000	168.842716	-0.005899
796.000000	21.351000	168.874285	-0.006021
797.000000	21.353000	168.905857	-0.010343
798.000000	21.355000	168.937432	-0.010563
799.000000	21.357000	168.969011	-0.009415
800.000000	21.359000	169.000592	-0.008219
801.000000	21.361000	169.032175	-0.003360
802.000000	21.363000	169.063762	-0.002189
803.000000	21.365000	169.095353	-0.000943
804.000000	21.367000	169.126946	-0.000016
805.000000	21.369000	169.158541	-0.000187
806.000000	21.371000	169.190140	0.000228
807.000000	21.373000	169.221741	0.000668
808.000000	21.375000	169.253347	-0.000724
809.000000	21.377000	169.284954	0.000839
810.000000	21.379000	169.316564	-0.000089
811.000000	21.381000	169.348177	0.000546
812.000000	21.383000	169.379793	0.000888
813.000000	21.385000	169.411414	0.000033
814.000000	21.387000	169.443036	0.000424
815.000000	21.389000	169.474661	-0.000064
816.000000	21.391000	169.506289	-0.000211
817.000000	21.393000	169.537922	-0.000284
818.000000	21.395000	169.569556	0.000253
819.000000	21.397000	169.601192	-0.000553
820.000000	21.399000	169.632832	-0.001407
821.000000	21.401000	169.664474	-0.001358
822.000000	21.403000	169.696122	-0.002384
823.000000	21.405000	169.727770	-0.003482
824.000000	21.407000	169.759422	-0.005069
825.000000	21.409000	169.791076	-0.007193
826.000000	21.411000	169.822734	-0.008707
827.000000	21.413000	169.854396	-0.010221
828.000000	21.415000	169.886059	-0.013077
829.000000	21.417000	169.917725	-0.010978
830.000000	21.419000	169.949395	-0.011051
831.000000	21.421000	169.981069	-0.009903
832.000000	21.423000	170.012744	-0.005411
833.000000	21.425000	170.044422	-0.004410
834.000000	21.427000	170.076103	-0.002897
835.000000	21.429000	170.107787	-0.000431
836.000000	21.431000	170.139475	0.000937
837.000000	21.433000	170.171165	0.000424
838.000000	21.435000	170.202858	0.000619
839.000000	21.437000	170.234554	0.000595
840.000000	21.439000	170.266252	-0.000382
841.000000	21.441000	170.297956	0.000741
842.000000	21.443000	170.329660	0.000106
843.000000	21.445000	170.361368	0.000253
844.000000	21.447000	170.393078	0.000375
845.000000	21.449000	170.424794	0.000766
846.000000	21.451000	170.456510	0.000790
847.000000	21.453000	170.488229	0.000668
848.000000	21.455000	170.519952	0.000521
849.000000	21.457000	170.551677	0.000155
850.000000	21.459000	170.583407	0.000424
851.000000	21.461000	170.615138	0.000155
852.000000	21.463000	170.646872	0.000204
853.000000	21.465000	170.678609	-0.000211
854.000000	21.467000	170.710349	0.000668
855.000000	21.469000	170.742094	-0.000016
856.000000	21.471000	170.773840	-0.001163
857.000000	21.473000	170.805589	0.000155
858.000000	21.475000	170.837341	-0.002189
859.000000	21.477000	170.869097	-0.001896
860.000000	21.479000	170.900855	-0.001944
861.000000	21.481000	170.932616	-0.003189
862.000000	21.483000	170.964379	-0.003067
863.000000	21.485000	170.996146	-0.000577
864.000000	21.487000	171.027917	-0.000480
865.000000	21.489000	171.059690	0.000351
866.000000	21.491000	171.091465	-0.001188
867.000000	21.493000	171.123243	0.000253
868.000000	21.495000	171.155025	0.000326
869.000000	21.497000	171.186811	0.000253
870.000000	21.499000	171.218598	0.000375
871.000000	21.501000	171.250388	0.000497
872.000000	21.503000	171.282181	0.000326
873.000000	21.505000	171.313979	0.000717
874.000000	21.507000	171.345778	0.000180
875.000000	21.509000	171.377580	0.000497
876.000000	21.511000	171.409385	0.000424
877.000000	21.513000	171.441193	0.000399
878.000000	21.515000	171.473006	0.000082
879.000000	21.517000	171.504820	0.000448
880.000000	21.519000	171.536636	0.000375
881.000000	21.521000	171.568456	0.000277
882.000000	21.523000	171.600279	0.000106
883.000000	21.525000	171.632106	0.000521
884.000000	21.527000	171.663935	-0.000016
885.000000	21.529000	171.695766	0.000228
886.000000	21.531000	171.727600	0.000204
887.000000	21.533000	171.759440	-0.000309
888.000000	21.535000	171.791280	-0.000040
889.000000	21.537000	171.823123	-0.000406
890.000000	21.539000	171.854970	-0.000992
891.000000	21.541000	171.886819	0.000155
892.000000	21.543000	171.918673	-0.000528
893.000000	21.545000	171.950528	-0.000480
894.000000	21.547000	171.982386	-0.000602
895.000000	21.549000	172.014247	0.000033
896.000000	21.551000	172.046111	0.000228
897.000000	21.553000	172.077980	0.000204
898.000000	21.555000	172.109849	0.000204
899.000000	21.557000	172.141722	0.000326
900.000000	21.559000	172.173598	0.000106
901.000000	21.561000	172.205479	0.000082
902.000000	21.563000	172.237360	0.000106
903.000000	21.565000	172.269245	0.000326
904.000000	21.567000	172.301132	0.000180
905.000000	21.569000	172.333023	0.000424
906.000000	21.571000	172.364918	0.000326
907.000000	21.573000	172.396815	0.000375
908.000000	21.575000	172.428714	0.000570
909.000000	21.577000	172.460616	0.000204
910.000000	21.579000	172.492523	0.000228
911.000000	21.581000	172.524432	0.000082
912.000000	21.583000	172.556343	0.000009
913.000000	21.585000	172.588257	0.000473
914.000000	21.587000	172.620174	0.000302
915.000000	21.589000	172.652096	0.000253
916.000000	21.591000	172.684019	0.000228
917.000000	21.593000	172.715945	-0.000113
918.000000	21.595000	172.747873	0.000375
919.000000	21.597000	172.779805	0.000497
920.000000	21.599000	172.811742	0.000302
921.000000	21.601000	172.843680	0.000326
922.000000	21.603000	172.875620	-0.000089
923.000000	21.605000	172.907564	-0.000382
924.000000	21.607000	172.939512	-0.000138
925.000000	21.609000	172.971462	-0.000675
926.000000	21.611000	173.003414	0.000497
927.000000	21.613000	173.035370	0.000302
928.000000	21.615000	173.067328	0.000326
929.000000	21.617000	173.099291	0.000546
930.000000	21.619000	173.131256	0.000424
931.000000	21.621000	173.163223	0.000009
932.000000	21.623000	173.195193	0.000131
933.000000	21.625000	173.227166	0.000546
934.000000	21.627000	173.259144	0.000619
935.000000	21.629000	173.291123	0.000717
936.000000	21.631000	173.323105	0.000375
937.000000	21.633000	173.355090	0.000497
938.000000	21.635000	173.387080	0.000082
939.000000	21.637000	173.419071	0.000424
940.000000	21.639000	173.451064	0.000448
941.000000	21.641000	173.483061	0.000204
942.000000	21.643000	173.515061	0.000326
943.000000	21.645000	173.547065	0.000351
944.000000	21.647000	173.579071	0.000082
945.000000	21.649000	173.611080	0.000766
946.000000	21.651000	173.643091	0.000058
947.000000	21.653000	173.675105	0.000644
948.000000	21.655000	173.707125	0.000570
949.000000	21.657000	173.739145	0.000082
950.000000	21.659000	173.771168	0.000009
951.000000	21.661000	173.803195	0.000033
952.000000	21.663000	173.835226	0.000326
953.000000	21.665000	173.867258	0.000839
954.000000	21.667000	173.899293	0.000106
955.000000	21.669000	173.931331	-0.000357
956.000000	21.671000	173.963372	-0.000016
957.000000	21.673000	173.995418	0.000717
958.000000	21.675000	174.027465	0.000228
959.000000	21.677000	174.059515	0.000619
960.000000	21.679000	174.091567	0.000033
961.000000	21.681000	174.123623	0.000009
962.000000	21.683000	174.155684	0.000326
963.000000	21.685000	174.187745	0.000595
964.000000	21.687000	174.219810	0.000351
965.000000	21.689000	174.251878	-0.000113
966.000000	21.691000	174.283950	0.000570
967.000000	21.693000	174.316023	0.000546
968.000000	21.695000	174.348100	0.000228
969.000000	21.697000	174.380179	0.000424
970.000000	21.699000	174.412261	0.000546
971.000000	21.701000	174.444349	0.000497
972.000000	21.703000	174.476437	0.000204
973.000000	21.705000	174.508528	0.000668
974.000000	21.707000	174.540622	0.000375
975.000000	21.709000	174.572719	0.000033
976.000000	21.711000	174.604821	0.000595
977.000000	21.713000	174.636924	0.000131
978.000000	21.715000	174.669030	0.000253
979.000000	21.717000	174.701139	0.000033
980.000000	21.719000	174.733253	0.000595
981.000000	21.721000	174.765367	0.000595
982.000000	21.723000	174.797485	0.000082
983.000000	21.725000	174.829606	0.000399
984.000000	21.727000	174.861729	-0.000480
985.000000	21.729000	174.893858	0.000204
986.000000	21.731000	174.925987	0.000180
987.000000	21.733000	174.958120	0.000424
988.000000	21.735000	174.990255	-0.000138
989.000000	21.737000	175.022394	-0.000113
990.000000	21.739000	175.054537	0.000619
991.000000	21.741000	175.086681	-0.000138
992.000000	21.743000	175.118828	0.000375
993.000000	21.745000	175.150979	0.000546
994.000000	21.747000	175.183134	-0.000309
995.000000	21.749000	175.215290	0.000448
996.000000	21.751000	175.247449	0.000326
997.000000	21.753000	175.279611	0.000155
998.000000	21.755000	175.311776	0.000595
999.000000	21.757000	175.343946	0.000399
1000.000000	21.759000	175.376116	0.000473
