0.000	706.000	-769.000	0.000
1.000	705.990	-797.667	1.276
2.000	705.980	-782.000	4.229
3.000	705.970	-834.833	7.201
4.000	705.960	-781.833	10.178
5.000	705.950	-838.000	13.135
6.000	705.940	-874.667	16.242
7.000	705.930	-866.167	19.206
8.000	705.920	-859.667	22.163
9.000	705.910	-881.167	25.121
10.000	705.900	-811.167	28.226
11.000	705.890	-876.167	31.192
12.000	705.880	-867.667	34.165
13.000	705.870	-835.000	37.141
14.000	705.860	-864.167	40.245
15.000	705.850	-916.167	43.208
16.000	705.840	-830.000	46.182
17.000	705.830	-859.000	49.157
18.000	705.820	-850.167	52.243
19.000	705.810	-849.333	55.205
20.000	705.800	-808.167	58.179
21.000	705.790	-801.333	61.151
22.000	705.780	-907.667	64.126
23.000	705.770	-913.000	67.231
24.000	705.760	-905.333	70.192
25.000	705.750	-920.333	73.166
26.000	705.740	-903.500	76.402
27.000	705.730	-931.167	79.247
28.000	705.720	-922.333	82.212
29.000	705.710	-921.167	85.184
30.000	705.700	-891.833	88.160
31.000	705.690	-888.833	91.133
32.000	705.680	-966.667	94.239
33.000	705.670	-971.333	97.205
34.000	705.660	-892.667	100.160
35.000	705.650	-898.833	103.134
36.000	705.640	-967.833	106.222
37.000	705.630	-981.500	109.186
38.000	705.620	-976.167	112.146
39.000	705.610	-1012.833	115.286
40.000	705.600	-973.000	118.241
41.000	705.590	-1021.833	121.212
42.000	705.580	-964.833	124.186
43.000	705.570	-911.500	127.160
44.000	705.560	-915.667	130.247
45.000	705.550	-928.500	133.212
46.000	705.540	-1006.667	136.168
47.000	705.530	-1027.167	139.124
48.000	705.520	-1078.167	142.213
49.000	705.510	-1124.000	145.177
50.000	705.500	-1135.667	148.137
51.000	705.490	-1065.833	151.227
52.000	705.480	-1016.000	154.194
53.000	705.470	-1122.333	157.153
54.000	705.460	-1145.500	160.244
55.000	705.450	-1055.667	163.212
56.000	705.440	-1063.000	166.171
57.000	705.430	-1131.333	169.128
58.000	705.420	-1138.667	172.216
59.000	705.410	-1137.000	175.185
60.000	705.400	-1154.167	178.142
61.000	705.390	-1141.333	181.231
62.000	705.380	-1162.667	184.199
63.000	705.370	-1179.000	187.158
64.000	705.360	-1171.333	190.244
65.000	705.350	-1279.000	193.216
66.000	705.340	-1261.833	196.172
67.000	705.330	-1293.000	199.130
68.000	705.320	-1276.833	202.220
69.000	705.310	-1342.667	205.188
70.000	705.300	-1260.500	208.148
71.000	705.290	-1257.500	211.239
72.000	705.280	-1203.667	214.209
73.000	705.270	-1154.000	217.169
74.000	705.260	-1139.000	220.130
75.000	705.250	-1268.500	223.225
76.000	705.240	-1264.833	226.196
77.000	705.230	-1434.667	229.158
78.000	705.220	-1366.333	232.247
79.000	705.210	-1337.167	235.217
80.000	705.200	-1300.000	238.179
81.000	705.190	-1232.500	241.137
82.000	705.180	-1303.500	244.229
83.000	705.170	-1335.667	247.199
84.000	705.160	-1370.833	250.155
85.000	705.150	-1410.833	253.248
86.000	705.140	-1518.167	256.216
87.000	705.130	-1539.833	259.175
88.000	705.120	-1548.333	262.136
89.000	705.110	-1551.167	265.223
90.000	705.100	-1509.833	268.195
91.000	705.090	-1568.667	271.152
92.000	705.080	-1574.667	274.243
93.000	705.070	-1654.667	277.214
94.000	705.060	-1706.833	280.170
95.000	705.050	-1709.167	283.131
96.000	705.040	-1704.667	286.219
97.000	705.030	-1574.167	289.191
98.000	705.020	-1580.667	292.154
99.000	705.010	-1588.833	295.242
100.000	705.000	-1570.167	298.213
101.000	704.990	-1590.000	301.174
102.000	704.980	-1619.167	304.134
103.000	704.970	-1612.000	307.225
104.000	704.960	-1558.333	310.193
105.000	704.950	-1496.000	313.156
106.000	704.940	-1546.000	316.247
107.000	704.930	-1560.667	319.222
108.000	704.920	-1518.167	322.187
109.000	704.910	-1488.333	325.148
110.000	704.900	-1536.500	328.244
111.000	704.890	-1502.333	331.216
112.000	704.880	-1567.167	334.182
113.000	704.870	-1559.167	337.144
114.000	704.860	-1465.167	340.238
115.000	704.850	-1510.167	343.214
116.000	704.840	-1486.333	346.179
117.000	704.830	-1550.500	349.143
118.000	704.820	-1446.000	352.237
119.000	704.810	-1401.500	355.194
120.000	704.800	-1307.167	358.157
121.000	704.790	-1316.667	361.124
122.000	704.780	-1486.833	364.219
123.000	704.770	-1388.000	367.192
124.000	704.760	-1310.333	370.160
125.000	704.750	-1240.500	373.125
126.000	704.740	-1219.833	376.222
127.000	704.730	-1236.667	379.178
128.000	704.720	-1288.000	382.144
129.000	704.710	-1439.333	385.240
130.000	704.700	-1350.833	388.216
131.000	704.690	-1319.333	391.180
132.000	704.680	-1293.167	394.147
133.000	704.670	-1314.333	397.244
134.000	704.660	-1217.000	400.220
135.000	704.650	-1322.667	403.187
136.000	704.640	-1261.667	406.151
137.000	704.630	-1205.333	409.247
138.000	704.620	-1156.167	412.223
139.000	704.610	-1210.333	415.187
140.000	704.600	-1156.833	418.156
141.000	704.590	-1160.000	421.120
142.000	704.580	-1106.833	424.219
143.000	704.570	-1127.167	427.179
144.000	704.560	-1035.500	430.147
145.000	704.550	-1112.167	433.244
146.000	704.540	-1145.167	436.217
147.000	704.530	-1116.667	439.185
148.000	704.520	-1105.667	442.149
149.000	704.510	-1073.000	445.245
150.000	704.500	-1101.333	448.220
151.000	704.490	-1166.333	451.185
152.000	704.480	-1209.000	454.154
153.000	704.470	-1148.167	457.249
154.000	704.460	-1118.833	460.206
155.000	704.450	-1137.667	463.171
156.000	704.440	-1082.167	466.139
157.000	704.430	-999.667	469.236
158.000	704.420	-929.667	472.196
159.000	704.410	-964.667	475.164
160.000	704.400	-944.333	478.129
161.000	704.390	-861.667	481.227
162.000	704.380	-926.000	484.203
163.000	704.370	-907.167	487.169
164.000	704.360	-937.500	490.137
165.000	704.350	-920.500	493.234
166.000	704.340	-857.500	496.192
167.000	704.330	-894.500	499.156
168.000	704.320	-855.333	502.122
169.000	704.310	-865.667	505.216
170.000	704.300	-963.167	508.190
171.000	704.290	-923.000	511.157
172.000	704.280	-950.833	514.119
173.000	704.270	-937.000	517.215
174.000	704.260	-885.333	520.188
175.000	704.250	-871.833	523.151
176.000	704.240	-928.667	526.244
177.000	704.230	-872.000	529.216
178.000	704.220	-790.500	532.180
179.000	704.210	-781.500	535.145
180.000	704.200	-795.000	538.237
181.000	704.190	-772.667	541.211
182.000	704.180	-732.000	544.173
183.000	704.170	-797.333	547.135
184.000	704.160	-769.000	550.227
185.000	704.150	-751.667	553.199
186.000	704.140	-737.667	556.162
187.000	704.130	-703.167	559.289
188.000	704.120	-736.000	562.226
189.000	704.110	-702.167	565.186
190.000	704.100	-780.667	568.144
191.000	704.090	-810.333	571.239
192.000	704.080	-772.500	574.212
193.000	704.070	-776.333	577.172
194.000	704.060	-756.333	580.135
195.000	704.050	-759.000	583.226
196.000	704.040	-804.000	586.202
197.000	704.030	-799.833	589.161
198.000	704.020	-804.667	592.126
199.000	704.010	-741.667	595.218
200.000	704.000	-815.000	598.192
201.000	703.990	-733.000	601.155
202.000	703.980	-731.500	604.249
203.000	703.970	-705.833	607.222
204.000	703.960	-691.167	610.183
205.000	703.950	-702.167	613.147
206.000	703.940	-718.667	616.241
207.000	703.930	-709.833	619.216
208.000	703.920	-742.667	622.181
209.000	703.910	-721.500	625.141
210.000	703.900	-735.500	628.231
211.000	703.890	-795.833	631.201
212.000	703.880	-762.333	634.162
213.000	703.870	-812.167	637.286
214.000	703.860	-809.500	640.224
215.000	703.850	-757.667	643.197
216.000	703.840	-735.167	646.158
217.000	703.830	-689.500	649.247
218.000	703.820	-685.833	652.218
219.000	703.810	-637.667	655.179
220.000	703.800	-700.333	658.140
221.000	703.790	-662.333	661.235
222.000	703.780	-626.667	664.205
223.000	703.770	-638.500	667.168
224.000	703.760	-615.500	670.131
225.000	703.750	-635.167	673.221
226.000	703.740	-665.000	676.194
227.000	703.730	-584.167	679.153
228.000	703.720	-593.167	682.247
229.000	703.710	-580.000	685.217
230.000	703.700	-604.000	688.180
231.000	703.690	-625.833	691.146
232.000	703.680	-661.833	694.238
233.000	703.670	-675.167	697.212
234.000	703.660	-659.833	700.174
235.000	703.650	-669.167	703.134
236.000	703.640	-667.167	706.228
237.000	703.630	-662.167	709.199
238.000	703.620	-588.667	712.165
239.000	703.610	-548.667	715.130
240.000	703.600	-568.167	718.222
241.000	703.590	-520.167	721.195
242.000	703.580	-548.167	724.155
243.000	703.570	-571.500	727.120
244.000	703.560	-656.000	730.215
245.000	703.550	-650.500	733.190
246.000	703.540	-681.667	736.153
247.000	703.530	-658.000	739.244
248.000	703.520	-688.667	742.217
249.000	703.510	-671.833	745.179
250.000	703.500	-703.667	748.142
251.000	703.490	-714.167	751.235
252.000	703.480	-694.333	754.205
253.000	703.470	-636.333	757.169
254.000	703.460	-612.500	760.132
255.000	703.450	-535.333	763.225
256.000	703.440	-534.833	766.193
257.000	703.430	-544.667	769.152
258.000	703.420	-521.667	772.246
259.000	703.410	-528.833	775.221
260.000	703.400	-479.833	778.184
261.000	703.390	-485.500	781.147
262.000	703.380	-464.667	784.239
263.000	703.370	-484.333	787.214
264.000	703.360	-550.833	790.174
265.000	703.350	-619.167	793.139
266.000	703.340	-664.333	796.234
267.000	703.330	-674.500	799.206
268.000	703.320	-670.167	802.170
269.000	703.310	-666.833	805.133
270.000	703.300	-635.333	808.227
271.000	703.290	-611.500	811.200
272.000	703.280	-578.000	814.163
273.000	703.270	-523.500	817.126
274.000	703.260	-583.167	820.218
275.000	703.250	-561.833	823.191
276.000	703.240	-580.500	826.154
277.000	703.230	-592.167	829.244
278.000	703.220	-543.833	832.219
279.000	703.210	-523.667	835.180
280.000	703.200	-567.833	838.145
281.000	703.190	-543.500	841.241
282.000	703.180	-573.667	844.215
283.000	703.170	-592.167	847.179
284.000	703.160	-594.500	850.146
285.000	703.150	-613.000	853.242
286.000	703.140	-598.667	856.199
287.000	703.130	-573.333	859.163
288.000	703.120	-586.333	862.130
289.000	703.110	-629.000	865.225
290.000	703.100	-620.000	868.201
291.000	703.090	-667.167	871.163
292.000	703.080	-645.667	874.126
293.000	703.070	-663.167	877.222
294.000	703.060	-679.667	880.192
295.000	703.050	-608.500	883.155
296.000	703.040	-595.000	886.246
297.000	703.030	-635.167	889.220
298.000	703.020	-632.833	892.185
299.000	703.010	-618.667	895.150
300.000	703.000	-664.167	898.249
301.000	702.990	-648.167	901.207
302.000	702.980	-613.167	904.174
303.000	702.970	-618.000	907.140
304.000	702.960	-657.000	910.234
305.000	702.950	-632.333	913.193
306.000	702.940	-671.333	916.158
307.000	702.930	-662.667	919.125
308.000	702.920	-614.167	922.222
309.000	702.910	-644.667	925.197
310.000	702.900	-672.000	928.161
311.000	702.890	-665.667	931.292
312.000	702.880	-657.833	934.231
313.000	702.870	-645.333	937.191
314.000	702.860	-608.667	940.153
315.000	702.850	-613.333	943.249
316.000	702.840	-626.167	946.223
317.000	702.830	-637.500	949.190
318.000	702.820	-610.667	952.154
319.000	702.810	-652.667	955.248
320.000	702.800	-700.167	958.224
321.000	702.790	-729.333	961.185
322.000	702.780	-739.000	964.151
323.000	702.770	-709.500	967.246
324.000	702.760	-728.333	970.220
325.000	702.750	-711.667	973.187
326.000	702.740	-651.667	976.154
327.000	702.730	-662.333	979.290
328.000	702.720	-672.833	982.229
329.000	702.710	-696.667	985.188
330.000	702.700	-684.667	988.154
331.000	702.690	-703.000	991.292
332.000	702.680	-706.333	994.229
333.000	702.670	-672.333	997.190
334.000	702.660	-648.667	1000.151
335.000	702.650	-650.333	1003.245
336.000	702.640	-652.500	1006.219
337.000	702.630	-643.500	1009.184
338.000	702.620	-683.333	1012.146
339.000	702.610	-660.167	1015.240
340.000	702.600	-698.333	1018.214
341.000	702.590	-633.667	1021.179
342.000	702.580	-598.333	1024.145
343.000	702.570	-597.667	1027.240
344.000	702.560	-650.500	1030.214
345.000	702.550	-637.167	1033.180
346.000	702.540	-603.500	1036.144
347.000	702.530	-637.667	1039.237
348.000	702.520	-635.167	1042.209
349.000	702.510	-635.833	1045.174
350.000	702.500	-707.667	1048.138
351.000	702.490	-656.500	1051.232
352.000	702.480	-680.833	1054.205
353.000	702.470	-710.500	1057.169
354.000	702.460	-720.000	1060.134
355.000	702.450	-660.667	1063.230
356.000	702.440	-694.333	1066.202
357.000	702.430	-608.500	1069.165
358.000	702.420	-661.333	1072.129
359.000	702.410	-689.333	1075.222
360.000	702.400	-619.000	1078.196
361.000	702.390	-640.000	1081.156
362.000	702.380	-638.500	1084.247
363.000	702.370	-622.833	1087.218
364.000	702.360	-632.167	1090.180
365.000	702.350	-621.500	1093.143
366.000	702.340	-655.333	1096.232
367.000	702.330	-635.833	1099.203
368.000	702.320	-581.833	1102.162
369.000	702.310	-633.000	1105.125
370.000	702.300	-643.667	1108.217
371.000	702.290	-605.833	1111.189
372.000	702.280	-636.333	1114.150
373.000	702.270	-629.167	1117.244
374.000	702.260	-618.000	1120.219
375.000	702.250	-604.500	1123.184
376.000	702.240	-571.500	1126.147
377.000	702.230	-571.000	1129.245
378.000	702.220	-583.500	1132.219
379.000	702.210	-543.333	1136.578
380.000	702.200	-529.333	1138.242
381.000	702.190	-537.333	1141.206
382.000	702.180	-579.833	1144.167
383.000	702.170	-652.167	1147.130
384.000	702.160	-596.167	1150.225
385.000	702.150	-634.333	1153.196
386.000	702.140	-618.167	1156.156
387.000	702.130	-614.500	1159.249
388.000	702.120	-612.167	1162.220
389.000	702.110	-675.667	1165.185
390.000	702.100	-596.833	1168.145
391.000	702.090	-620.667	1171.239
392.000	702.080	-639.333	1174.210
393.000	702.070	-617.167	1177.169
394.000	702.060	-624.000	1180.134
395.000	702.050	-589.667	1183.224
396.000	702.040	-589.500	1186.196
397.000	702.030	-581.167	1189.156
398.000	702.020	-568.833	1192.246
399.000	702.010	-548.833	1195.218
400.000	702.000	-601.333	1198.177
401.000	701.990	-646.333	1201.137
402.000	701.980	-581.167	1204.225
403.000	701.970	-602.667	1207.192
404.000	701.960	-612.333	1210.152
405.000	701.950	-611.833	1213.242
406.000	701.940	-570.167	1216.216
407.000	701.930	-548.333	1219.175
408.000	701.920	-588.500	1222.133
409.000	701.910	-572.167	1225.224
410.000	701.900	-559.167	1228.191
411.000	701.890	-550.833	1231.150
412.000	701.880	-500.167	1234.237
413.000	701.870	-517.667	1237.202
414.000	701.860	-513.333	1240.161
415.000	701.850	-524.000	1243.250
416.000	701.840	-520.667	1246.222
417.000	701.830	-540.000	1249.183
418.000	701.820	-587.833	1252.143
419.000	701.810	-596.833	1255.233
420.000	701.800	-535.667	1258.200
421.000	701.790	-494.833	1261.158
422.000	701.780	-468.167	1264.246
423.000	701.770	-491.000	1267.211
424.000	701.760	-480.500	1270.168
425.000	701.750	-467.833	1273.125
426.000	701.740	-537.667	1276.214
427.000	701.730	-539.167	1279.178
428.000	701.720	-513.000	1282.136
429.000	701.710	-506.000	1285.226
430.000	701.700	-532.667	1288.191
431.000	701.690	-539.000	1291.149
432.000	701.680	-480.833	1294.123
433.000	701.670	-481.833	1297.212
434.000	701.660	-452.000	1300.177
435.000	701.650	-484.000	1303.138
436.000	701.640	-493.833	1306.230
437.000	701.630	-469.000	1309.202
438.000	701.620	-474.000	1312.165
439.000	701.610	-460.167	1315.128
440.000	701.600	-469.500	1318.222
441.000	701.590	-578.167	1321.197
442.000	701.580	-555.333	1324.157
443.000	701.570	-527.167	1327.287
444.000	701.560	-508.000	1330.226
445.000	701.550	-499.667	1333.200
446.000	701.540	-510.833	1336.157
447.000	701.530	-501.500	1339.248
448.000	701.520	-533.833	1342.216
449.000	701.510	-553.833	1345.176
450.000	701.500	-526.667	1348.133
451.000	701.490	-511.667	1351.221
452.000	701.480	-539.000	1354.186
453.000	701.470	-514.667	1357.145
454.000	701.460	-547.333	1360.235
455.000	701.450	-518.500	1363.202
456.000	701.440	-496.000	1366.163
457.000	701.430	-501.833	1369.284
458.000	701.420	-510.000	1372.239
459.000	701.410	-504.500	1375.213
460.000	701.400	-560.167	1378.169
461.000	701.390	-518.667	1381.127
462.000	701.380	-544.333	1384.215
463.000	701.370	-526.333	1387.181
464.000	701.360	-535.833	1390.140
465.000	701.350	-536.333	1393.244
466.000	701.340	-566.167	1396.210
467.000	701.330	-575.500	1399.183
468.000	701.320	-550.833	1402.158
469.000	701.310	-498.333	1405.132
470.000	701.300	-506.500	1408.236
471.000	701.290	-494.000	1411.200
472.000	701.280	-459.333	1414.171
473.000	701.270	-481.167	1417.143
474.000	701.260	-468.667	1420.248
475.000	701.250	-490.167	1423.210
476.000	701.240	-465.000	1426.185
477.000	701.230	-487.833	1429.141
478.000	701.220	-468.500	1432.246
479.000	701.210	-500.167	1435.211
480.000	701.200	-464.333	1438.185
481.000	701.190	-487.167	1441.159
482.000	701.180	-474.000	1444.134
483.000	701.170	-478.000	1447.238
484.000	701.160	-448.500	1450.201
485.000	701.150	-464.000	1453.175
486.000	701.140	-450.500	1456.151
487.000	701.130	-492.167	1459.125
488.000	701.120	-477.667	1462.215
489.000	701.110	-458.500	1465.178
490.000	701.100	-465.000	1468.136
491.000	701.090	-534.167	1471.239
492.000	701.080	-542.167	1474.201
493.000	701.070	-575.333	1477.175
494.000	701.060	-552.667	1480.148
495.000	701.050	-536.000	1483.123
496.000	701.040	-537.167	1486.227
497.000	701.030	-534.667	1489.192
498.000	701.020	-577.000	1492.150
499.000	701.010	-579.167	1495.240
500.000	701.000	-559.833	1498.207
501.000	700.990	-537.333	1501.165
502.000	700.980	-542.667	1504.287
503.000	700.970	-565.000	1507.242
504.000	700.960	-539.833	1510.215
505.000	700.950	-514.000	1513.173
506.000	700.940	-518.500	1516.148
507.000	700.930	-510.167	1519.236
508.000	700.920	-513.667	1522.202
509.000	700.910	-498.833	1525.161
510.000	700.900	-485.500	1528.287
511.000	700.890	-462.833	1531.226
512.000	700.880	-462.000	1534.196
513.000	700.870	-448.667	1537.153
514.000	700.860	-428.167	1540.241
515.000	700.850	-474.667	1543.208
516.000	700.840	-482.167	1546.164
517.000	700.830	-420.000	1549.140
518.000	700.820	-421.167	1552.229
519.000	700.810	-405.833	1555.192
520.000	700.800	-414.500	1558.150
521.000	700.790	-450.167	1561.237
522.000	700.780	-392.333	1564.210
523.000	700.770	-437.167	1567.172
524.000	700.760	-452.667	1570.130
525.000	700.750	-426.833	1573.221
526.000	700.740	-440.500	1576.188
527.000	700.730	-482.667	1579.150
528.000	700.720	-535.167	1582.241
529.000	700.710	-444.667	1585.212
530.000	700.700	-419.833	1588.175
531.000	700.690	-436.833	1591.139
532.000	700.680	-423.667	1594.232
533.000	700.670	-540.167	1597.203
534.000	700.660	-505.167	1600.163
535.000	700.650	-467.000	1603.123
536.000	700.640	-457.833	1606.216
537.000	700.630	-447.833	1609.187
538.000	700.620	-457.833	1612.148
539.000	700.610	-470.000	1615.238
540.000	700.600	-458.667	1618.210
541.000	700.590	-501.667	1621.169
542.000	700.580	-519.333	1624.130
543.000	700.570	-478.833	1627.223
544.000	700.560	-440.333	1630.192
545.000	700.550	-480.500	1633.154
546.000	700.540	-488.333	1636.246
547.000	700.530	-463.333	1639.217
548.000	700.520	-438.333	1642.178
549.000	700.510	-437.667	1645.137
550.000	700.500	-408.333	1648.225
551.000	700.490	-424.833	1651.191
552.000	700.480	-456.000	1654.154
553.000	700.470	-469.167	1657.244
554.000	700.460	-461.833	1660.212
555.000	700.450	-416.500	1663.173
556.000	700.440	-464.000	1666.129
557.000	700.430	-452.167	1669.221
558.000	700.420	-442.667	1672.191
559.000	700.410	-391.333	1675.148
560.000	700.400	-368.333	1678.239
561.000	700.390	-402.667	1681.207
562.000	700.380	-431.833	1684.167
563.000	700.370	-410.500	1687.289
564.000	700.360	-377.667	1690.242
565.000	700.350	-390.667	1693.216
566.000	700.340	-438.833	1696.189
567.000	700.330	-454.333	1699.146
568.000	700.320	-457.333	1702.234
569.000	700.310	-439.167	1705.200
570.000	700.300	-404.667	1708.158
571.000	700.290	-397.667	1711.246
572.000	700.280	-415.667	1714.206
573.000	700.270	-366.333	1717.179
574.000	700.260	-360.833	1720.150
575.000	700.250	-350.833	1723.123
576.000	700.240	-369.167	1726.228
577.000	700.230	-354.500	1729.192
578.000	700.220	-339.167	1732.164
579.000	700.210	-354.500	1735.138
580.000	700.200	-346.333	1738.241
581.000	700.190	-375.333	1741.201
582.000	700.180	-348.333	1744.175
583.000	700.170	-331.667	1747.146
584.000	700.160	-352.333	1750.250
585.000	700.150	-333.833	1753.213
586.000	700.140	-349.667	1756.186
587.000	700.130	-363.500	1759.160
588.000	700.120	-391.167	1762.246
589.000	700.110	-387.333	1765.212
590.000	700.100	-382.167	1768.169
591.000	700.090	-390.667	1771.142
592.000	700.080	-367.500	1774.231
593.000	700.070	-318.667	1777.195
594.000	700.060	-368.833	1780.153
595.000	700.050	-370.167	1783.128
596.000	700.040	-352.167	1786.233
597.000	700.030	-357.500	1789.198
598.000	700.020	-323.333	1792.156
599.000	700.010	-333.167	1795.130
600.000	700.000	-327.500	1798.220
601.000	699.990	-367.833	1801.181
602.000	699.980	-362.667	1804.157
603.000	699.970	-408.500	1807.131
604.000	699.960	-478.833	1810.218
605.000	699.950	-445.167	1813.181
606.000	699.940	-432.167	1816.138
607.000	699.930	-396.333	1819.226
608.000	699.920	-391.000	1822.191
609.000	699.910	-364.167	1825.151
610.000	699.900	-418.000	1828.239
611.000	699.890	-436.000	1831.203
612.000	699.880	-420.500	1834.162
613.000	699.870	-382.833	1843.125
614.000	699.860	-418.167	1846.227
615.000	699.850	-416.667	1849.198
616.000	699.840	-435.667	1852.159
617.000	699.830	-392.833	1855.123
618.000	699.820	-415.333	1858.214
619.000	699.810	-433.833	1861.188
620.000	699.800	-398.333	1864.152
621.000	699.790	-423.000	1867.247
622.000	699.780	-402.833	1870.204
623.000	699.770	-407.333	1873.165
624.000	699.760	-463.500	1876.128
625.000	699.750	-462.333	1879.220
626.000	699.740	-387.500	1882.192
627.000	699.730	-387.833	1885.158
628.000	699.720	-361.500	1888.290
629.000	699.710	-493.500	1891.227
630.000	699.700	-395.833	1900.194
631.000	699.690	-376.500	1903.159
632.000	699.680	-332.000	1906.125
633.000	699.670	-355.167	1909.218
634.000	699.660	-397.667	1912.189
635.000	699.650	-414.000	1915.152
636.000	699.640	-443.500	1918.246
637.000	699.630	-454.833	1921.220
638.000	699.620	-378.000	1924.184
639.000	699.610	-335.167	1927.148
640.000	699.600	-330.667	1930.243
641.000	699.590	-371.500	1933.219
642.000	699.580	-356.500	1939.186
643.000	699.570	-418.000	1942.147
644.000	699.560	-451.167	1945.240
645.000	699.550	-446.833	1948.209
646.000	699.540	-413.167	1951.172
647.000	699.530	-448.000	1954.131
648.000	699.520	-464.667	1957.221
649.000	699.510	-482.333	1960.192
650.000	699.500	-441.667	1969.159
651.000	699.490	-424.333	1972.123
652.000	699.480	-406.000	1975.213
653.000	699.470	-406.000	1978.183
654.000	699.460	-338.333	1981.148
655.000	699.450	-392.667	1984.238
656.000	699.440	-389.667	1987.212
657.000	699.430	-393.667	1990.174
658.000	699.420	-369.667	1993.132
659.000	699.410	-365.667	1996.225
660.000	699.400	-368.333	2011.209
661.000	699.390	-412.000	2014.168
662.000	699.380	-427.000	2017.128
663.000	699.370	-416.000	2020.216
664.000	699.360	-423.667	2023.183
665.000	699.350	-419.667	2026.145
666.000	699.340	-380.500	2029.235
667.000	699.330	-421.833	2032.206
668.000	699.320	-425.000	2035.165
669.000	699.310	-436.500	2038.124
670.000	699.300	-401.667	2044.219
671.000	699.290	-447.333	2047.187
672.000	699.280	-432.667	2050.146
673.000	699.270	-412.667	2053.235
674.000	699.260	-405.333	2056.206
675.000	699.250	-413.500	2059.168
676.000	699.240	-413.333	2062.128
677.000	699.230	-422.167	2065.220
678.000	699.220	-430.667	2068.188
679.000	699.210	-427.000	2071.148
680.000	699.200	-436.667	2074.236
681.000	699.190	-416.333	2077.208
682.000	699.180	-423.167	2080.166
683.000	699.170	-402.500	2083.124
684.000	699.160	-436.667	2086.212
685.000	699.150	-393.000	2098.183
686.000	699.140	-375.667	2101.140
687.000	699.130	-394.000	2104.258
688.000	699.120	-418.333	2107.213
689.000	699.110	-407.167	2110.168
690.000	699.100	-411.500	2119.130
691.000	699.090	-406.333	2122.225
692.000	699.080	-450.667	2125.189
693.000	699.070	-451.167	2128.147
694.000	699.060	-449.667	2131.235
695.000	699.050	-492.167	2134.202
696.000	699.040	-481.667	2137.162
697.000	699.030	-486.500	2140.119
698.000	699.020	-465.167	2143.209
699.000	699.010	-421.500	2146.180
700.000	699.000	-454.667	2149.138
701.000	698.990	-419.667	2152.228
702.000	698.980	-399.333	2155.195
703.000	698.970	-397.667	2158.153
704.000	698.960	-437.833	2161.242
705.000	698.950	-488.667	2164.210
706.000	698.940	-454.167	2167.170
707.000	698.930	-484.667	2170.127
708.000	698.920	-437.167	2173.218
709.000	698.910	-389.833	2176.192
710.000	698.900	-396.833	2179.151
711.000	698.890	-423.667	2182.247
712.000	698.880	-448.000	2185.215
713.000	698.870	-412.500	2188.177
714.000	698.860	-458.167	2191.139
715.000	698.850	-470.833	2194.235
716.000	698.840	-490.833	2197.208
717.000	698.830	-491.000	2200.171
718.000	698.820	-491.000	2203.133
719.000	698.810	-437.333	2206.226
720.000	698.800	-433.500	2209.198
721.000	698.790	-443.167	2212.166
722.000	698.780	-451.000	2215.131
723.000	698.770	-469.167	2218.227
724.000	698.760	-469.333	2221.186
725.000	698.750	-439.667	2224.146
726.000	698.740	-443.167	2227.242
727.000	698.730	-449.833	2230.217
728.000	698.720	-403.833	2233.182
729.000	698.710	-449.000	2236.145
730.000	698.700	-442.333	2239.237
731.000	698.690	-402.333	2242.211
732.000	698.680	-414.167	2245.173
733.000	698.670	-491.500	2248.139
734.000	698.660	-444.000	2251.234
735.000	698.650	-456.500	2254.209
736.000	698.640	-412.833	2257.173
737.000	698.630	-401.333	2260.137
738.000	698.620	-376.000	2263.233
739.000	698.610	-456.000	2266.205
740.000	698.600	-433.333	2269.169
741.000	698.590	-471.000	2272.132
742.000	698.580	-523.833	2275.222
743.000	698.570	-456.667	2278.195
744.000	698.560	-410.833	2281.158
745.000	698.550	-435.833	2284.121
746.000	698.540	-433.500	2287.216
747.000	698.530	-478.333	2290.189
748.000	698.520	-466.333	2293.154
749.000	698.510	-461.000	2296.246
750.000	698.500	-464.833	2299.221
751.000	698.490	-466.000	2302.184
752.000	698.480	-422.667	2305.142
753.000	698.470	-446.000	2308.234
754.000	698.460	-414.000	2311.203
755.000	698.450	-410.500	2314.163
756.000	698.440	-400.333	2317.291
757.000	698.430	-397.833	2320.228
758.000	698.420	-435.333	2323.184
759.000	698.410	-434.500	2326.143
760.000	698.400	-483.500	2329.234
761.000	698.390	-501.833	2332.205
762.000	698.380	-485.667	2335.163
763.000	698.370	-482.167	2338.214
764.000	698.360	-450.500	2341.179
765.000	698.350	-401.833	2344.138
766.000	698.340	-439.167	2347.229
767.000	698.330	-394.000	2350.199
768.000	698.320	-407.000	2353.159
769.000	698.310	-473.167	2356.248
770.000	698.300	-469.000	2359.215
771.000	698.290	-494.667	2362.175
772.000	698.280	-475.500	2365.131
773.000	698.270	-497.000	2368.220
774.000	698.260	-468.833	2371.181
775.000	698.250	-473.667	2374.138
776.000	698.240	-468.000	2377.245
777.000	698.230	-513.167	2380.210
778.000	698.220	-471.833	2383.168
779.000	698.210	-451.667	2386.125
780.000	698.200	-554.667	2389.216
781.000	698.190	-544.000	2392.183
782.000	698.180	-561.500	2395.140
783.000	698.170	-519.833	2398.228
784.000	698.160	-542.000	2401.193
785.000	698.150	-491.333	2404.152
786.000	698.140	-503.833	2407.239
787.000	698.130	-517.333	2410.204
788.000	698.120	-524.667	2413.163
789.000	698.110	-546.167	2416.284
790.000	698.100	-544.667	2419.238
791.000	698.090	-528.333	2422.214
792.000	698.080	-542.333	2425.171
793.000	698.070	-576.667	2428.132
794.000	698.060	-554.000	2431.223
795.000	698.050	-530.333	2434.194
796.000	698.040	-534.167	2437.154
797.000	698.030	-573.833	2440.247
798.000	698.020	-537.167	2443.218
799.000	698.010	-524.667	2446.177
800.000	698.000	-471.000	2449.139
801.000	697.990	-501.167	2452.228
802.000	697.980	-613.167	2455.199
803.000	697.970	-635.333	2458.162
804.000	697.960	-571.000	2461.293
805.000	697.950	-588.667	2464.231
806.000	697.940	-580.000	2467.189
807.000	697.930	-538.833	2470.152
808.000	697.920	-571.833	2473.246
809.000	697.910	-566.833	2476.218
810.000	697.900	-517.500	2479.180
811.000	697.890	-554.333	2482.141
812.000	697.880	-600.667	2485.235
813.000	697.870	-565.500	2488.208
814.000	697.860	-623.000	2491.169
815.000	697.850	-614.833	2494.134
816.000	697.840	-614.333	2497.225
817.000	697.830	-713.667	2500.199
818.000	697.820	-686.167	2503.161
819.000	697.810	-589.333	2506.122
820.000	697.800	-554.500	2509.220
821.000	697.790	-551.167	2512.192
822.000	697.780	-568.167	2515.157
823.000	697.770	-579.667	2518.250
824.000	697.760	-594.833	2521.224
825.000	697.750	-605.167	2524.189
826.000	697.740	-550.333	2527.153
827.000	697.730	-590.833	2530.276
828.000	697.720	-644.500	2533.227
829.000	697.710	-686.500	2536.189
830.000	697.700	-670.333	2539.154
831.000	697.690	-645.833	2542.249
832.000	697.680	-603.500	2545.208
833.000	697.670	-573.000	2548.170
834.000	697.660	-529.333	2554.138
835.000	697.650	-526.833	2557.238
836.000	697.640	-547.833	2560.196
837.000	697.630	-597.167	2563.157
838.000	697.620	-600.167	2566.123
839.000	697.610	-565.833	2569.216
840.000	697.600	-600.167	2572.187
841.000	697.590	-541.667	2575.149
842.000	697.580	-518.833	2578.243
843.000	697.570	-510.833	2581.220
844.000	697.560	-553.000	2584.183
845.000	697.550	-615.333	2587.147
846.000	697.540	-582.667	2590.239
847.000	697.530	-634.167	2593.210
848.000	697.520	-611.333	2596.173
849.000	697.510	-673.333	2599.138
850.000	697.500	-700.500	2602.233
851.000	697.490	-648.833	2605.190
852.000	697.480	-608.500	2608.151
853.000	697.470	-622.667	2611.245
854.000	697.460	-615.667	2614.220
855.000	697.450	-607.333	2617.184
856.000	697.440	-612.333	2620.150
857.000	697.430	-609.667	2623.245
858.000	697.420	-699.333	2626.219
859.000	697.410	-681.833	2629.182
860.000	697.400	-704.833	2632.145
861.000	697.390	-669.333	2635.240
862.000	697.380	-657.667	2638.211
863.000	697.370	-610.167	2641.175
864.000	697.360	-594.833	2644.138
865.000	697.350	-621.167	2647.231
866.000	697.340	-606.333	2650.202
867.000	697.330	-670.333	2653.164
868.000	697.320	-722.667	2656.126
869.000	697.310	-663.667	2659.217
870.000	697.300	-638.000	2662.187
871.000	697.290	-669.167	2665.147
872.000	697.280	-656.167	2668.238
873.000	697.270	-644.000	2671.208
874.000	697.260	-564.833	2674.163
875.000	697.250	-594.167	2677.290
876.000	697.240	-588.500	2680.228
877.000	697.230	-570.000	2683.185
878.000	697.220	-584.833	2686.146
879.000	697.210	-628.167	2689.239
880.000	697.200	-641.500	2692.211
881.000	697.190	-644.000	2695.173
882.000	697.180	-695.333	2698.131
883.000	697.170	-687.833	2701.221
884.000	697.160	-678.500	2704.185
885.000	697.150	-690.833	2707.147
886.000	697.140	-669.833	2710.237
887.000	697.130	-697.167	2713.206
888.000	697.120	-694.667	2716.166
889.000	697.110	-698.500	2719.129
890.000	697.100	-711.667	2722.220
891.000	697.090	-753.000	2725.189
892.000	697.080	-766.167	2728.146
893.000	697.070	-691.833	2731.233
894.000	697.060	-684.833	2734.201
895.000	697.050	-658.667	2737.162
896.000	697.040	-638.833	2743.123
897.000	697.030	-587.833	2746.210
898.000	697.020	-592.333	2749.179
899.000	697.010	-643.833	2752.139
900.000	697.000	-730.000	2755.231
901.000	696.990	-743.167	2758.202
902.000	696.980	-686.833	2761.165
903.000	696.970	-690.667	2764.124
904.000	696.960	-685.333	2767.216
905.000	696.950	-702.167	2770.185
906.000	696.940	-687.667	2773.147
907.000	696.930	-703.167	2776.238
908.000	696.920	-795.000	2779.208
909.000	696.910	-850.000	2782.171
910.000	696.900	-790.333	2785.132
911.000	696.890	-763.667	2788.225
912.000	696.880	-713.333	2791.196
913.000	696.870	-693.000	2794.153
914.000	696.860	-687.833	2797.242
915.000	696.850	-697.833	2800.212
916.000	696.840	-681.333	2803.168
917.000	696.830	-678.333	2806.128
918.000	696.820	-704.000	2809.215
919.000	696.810	-719.500	2812.185
920.000	696.800	-759.500	2815.145
921.000	696.790	-750.000	2818.234
922.000	696.780	-772.833	2821.206
923.000	696.770	-777.833	2824.167
924.000	696.760	-680.333	2827.129
925.000	696.750	-701.500	2830.217
926.000	696.740	-690.500	2833.187
927.000	696.730	-655.333	2836.145
928.000	696.720	-629.000	2839.233
929.000	696.710	-636.000	2842.201
930.000	696.700	-594.000	2845.156
931.000	696.690	-574.667	2848.131
932.000	696.680	-671.500	2851.238
933.000	696.670	-689.000	2854.202
934.000	696.660	-601.000	2857.158
935.000	696.650	-646.333	2860.133
936.000	696.640	-665.333	2863.222
937.000	696.630	-647.500	2866.189
938.000	696.620	-667.000	2869.146
939.000	696.610	-601.833	2872.233
940.000	696.600	-614.500	2875.199
941.000	696.590	-655.167	2878.158
942.000	696.580	-679.500	2881.285
943.000	696.570	-667.167	2884.238
944.000	696.560	-746.833	2887.197
945.000	696.550	-710.833	2890.157
946.000	696.540	-708.333	2893.246
947.000	696.530	-659.500	2896.214
948.000	696.520	-652.833	2899.173
949.000	696.510	-618.333	2902.134
950.000	696.500	-617.667	2905.222
951.000	696.490	-654.500	2908.187
952.000	696.480	-677.000	2911.147
953.000	696.470	-704.667	2914.232
954.000	696.460	-641.000	2917.200
955.000	696.450	-662.167	2920.156
956.000	696.440	-622.000	2923.244
957.000	696.430	-659.833	2926.208
958.000	696.420	-688.333	2929.164
959.000	696.410	-674.667	2932.123
960.000	696.400	-627.500	2935.210
961.000	696.390	-641.833	2938.175
962.000	696.380	-628.667	2941.132
963.000	696.370	-605.500	2944.221
964.000	696.360	-595.500	2947.191
965.000	696.350	-579.500	2950.146
966.000	696.340	-547.000	2953.235
967.000	696.330	-549.667	2956.202
968.000	696.320	-593.833	2959.159
969.000	696.310	-591.500	2962.248
970.000	696.300	-529.500	2965.214
971.000	696.290	-596.500	2968.172
972.000	696.280	-651.833	2971.142
973.000	696.270	-583.167	2974.247
974.000	696.260	-583.333	2977.210
975.000	696.250	-602.500	2980.184
976.000	696.240	-581.667	2983.142
977.000	696.230	-529.167	2986.246
978.000	696.220	-496.500	2989.212
979.000	696.210	-486.333	2992.185
980.000	696.200	-518.500	2995.159
981.000	696.190	-508.500	2998.247
982.000	696.180	-561.333	3001.213
983.000	696.170	-542.333	3004.171
984.000	696.160	-507.333	3007.127
985.000	696.150	-470.167	3010.216
986.000	696.140	-424.667	3013.186
987.000	696.130	-462.667	3016.141
988.000	696.120	-514.333	3019.229
989.000	696.110	-466.500	3022.193
990.000	696.100	-496.833	3025.169
991.000	696.090	-499.667	3028.125
992.000	696.080	-580.000	3031.210
993.000	696.070	-527.333	3034.175
994.000	696.060	-497.333	3037.131
995.000	696.050	-460.333	3040.219
996.000	696.040	-448.333	3043.185
997.000	696.030	-444.167	3046.159
998.000	696.020	-434.000	3049.247
999.000	696.010	-481.833	3052.216
1000.000	696.000	-500.333	3055.173
1001.000	695.990	-540.000	3058.132
1002.000	695.980	-502.500	3061.224
1003.000	695.970	-481.000	3064.196
1004.000	695.960	-522.833	3067.159
1005.000	695.950	-532.667	3070.122
1006.000	695.940	-509.833	3073.213
1007.000	695.930	-533.667	3076.182
1008.000	695.920	-533.000	3079.142
1009.000	695.910	-514.333	3082.230
1010.000	695.900	-484.833	3085.201
1011.000	695.890	-517.167	3088.164
1012.000	695.880	-526.667	3091.122
1013.000	695.870	-584.833	3094.214
1014.000	695.860	-545.833	3097.183
1015.000	695.850	-480.667	3100.140
1016.000	695.840	-506.833	3103.231
1017.000	695.830	-478.333	3106.200
1018.000	695.820	-460.833	3109.163
1019.000	695.810	-415.333	3112.124
1020.000	695.800	-470.000	3115.215
1021.000	695.790	-501.167	3118.187
1022.000	695.780	-561.167	3121.150
1023.000	695.770	-527.833	3124.240
1024.000	695.760	-537.167	3127.209
1025.000	695.750	-504.833	3130.172
1026.000	695.740	-469.833	3133.130
1027.000	695.730	-543.000	3136.218
1028.000	695.720	-541.833	3139.188
1029.000	695.710	-592.000	3142.149
1030.000	695.700	-632.500	3145.238
1031.000	695.690	-584.167	3148.209
1032.000	695.680	-564.667	3151.167
1033.000	695.670	-629.333	3154.129
1034.000	695.660	-620.833	3157.221
1035.000	695.650	-569.833	3160.192
1036.000	695.640	-544.667	3163.154
1037.000	695.630	-552.000	3166.241
1038.000	695.620	-537.833	3169.212
1039.000	695.610	-532.833	3172.171
1040.000	695.600	-531.500	3175.134
1041.000	695.590	-513.833	3178.223
1042.000	695.580	-555.667	3181.194
1043.000	695.570	-584.833	3184.155
1044.000	695.560	-553.667	3187.244
1045.000	695.550	-584.333	3190.213
1046.000	695.540	-530.333	3193.190
1047.000	695.530	-480.167	3196.165
1048.000	695.520	-555.667	3199.138
1049.000	695.510	-548.167	3202.245
1050.000	695.500	-575.500	3205.209
1051.000	695.490	-567.333	3208.167
1052.000	695.480	-586.167	3211.142
1053.000	695.470	-580.667	3214.230
1054.000	695.460	-571.833	3217.194
1055.000	695.450	-614.500	3220.150
1056.000	695.440	-521.000	3223.123
1057.000	695.430	-549.167	3226.228
1058.000	695.420	-544.500	3229.189
1059.000	695.410	-483.833	3232.146
1060.000	695.400	-506.833	3235.284
1061.000	695.390	-485.000	3238.236
1062.000	695.380	-547.667	3262.226
1063.000	695.370	-519.000	3265.189
1064.000	695.360	-522.667	3268.144
1065.000	695.350	-517.833	3271.232
1066.000	695.340	-501.167	3274.196
1067.000	695.330	-505.833	3277.152
1068.000	695.320	-544.000	3280.240
1069.000	695.310	-529.833	3283.201
1070.000	695.300	-570.667	3286.159
1071.000	695.290	-529.500	3289.131
1072.000	695.280	-541.167	3292.235
1073.000	695.270	-595.167	3295.198
1074.000	695.260	-603.000	3298.156
1075.000	695.250	-571.833	3301.244
1076.000	695.240	-562.500	3304.211
1077.000	695.230	-489.667	3307.166
1078.000	695.220	-474.333	3310.124
1079.000	695.210	-475.167	3313.214
1080.000	695.200	-475.833	3316.179
1081.000	695.190	-531.167	3319.137
1082.000	695.180	-469.000	3322.241
1083.000	695.170	-444.833	3325.209
1084.000	695.160	-433.000	3328.167
1085.000	695.150	-436.167	3331.125
1086.000	695.140	-424.833	3334.213
1087.000	695.130	-448.667	3337.178
1088.000	695.120	-447.667	3340.135
1089.000	695.110	-577.833	3343.223
1090.000	695.100	-585.167	3346.189
1091.000	695.090	-626.167	3349.148
1092.000	695.080	-697.000	3352.235
1093.000	695.070	-655.167	3355.206
1094.000	695.060	-658.833	3358.167
1095.000	695.050	-593.167	3361.130
1096.000	695.040	-563.333	3364.223
1097.000	695.030	-531.833	3367.195
1098.000	695.020	-531.667	3370.156
1099.000	695.010	-557.000	3373.249
1100.000	695.000	-559.667	3376.222
1101.000	694.990	-597.333	3379.186
1102.000	694.980	-620.667	3382.148
1103.000	694.970	-570.333	3385.243
1104.000	694.960	-609.500	3388.216
1105.000	694.950	-621.667	3391.181
1106.000	694.940	-587.167	3394.145
1107.000	694.930	-653.500	3397.239
1108.000	694.920	-666.167	3400.213
1109.000	694.910	-621.000	3403.179
1110.000	694.900	-568.833	3406.142
1111.000	694.890	-562.500	3409.237
1112.000	694.880	-624.167	3412.196
1113.000	694.870	-662.667	3415.160
1114.000	694.860	-628.167	3418.126
1115.000	694.850	-546.000	3421.221
1116.000	694.840	-544.167	3424.197
1117.000	694.830	-582.833	3427.165
1118.000	694.820	-554.333	3430.132
1119.000	694.810	-484.333	3433.226
1120.000	694.800	-547.667	3436.184
1121.000	694.790	-613.167	3439.148
1122.000	694.780	-586.167	3442.246
1123.000	694.770	-604.167	3445.222
1124.000	694.760	-576.833	3448.187
1125.000	694.750	-550.833	3451.151
1126.000	694.740	-519.333	3454.248
1127.000	694.730	-482.500	3457.222
1128.000	694.720	-514.000	3460.188
1129.000	694.710	-505.667	3463.153
1130.000	694.700	-482.500	3466.276
1131.000	694.690	-525.500	3469.231
1132.000	694.680	-533.667	3472.195
1133.000	694.670	-581.333	3475.162
1134.000	694.660	-579.167	3478.124
1135.000	694.650	-554.667	3481.222
1136.000	694.640	-490.167	3484.195
1137.000	694.630	-503.833	3487.159
1138.000	694.620	-502.500	3490.123
1139.000	694.610	-470.333	3493.217
1140.000	694.600	-462.000	3496.176
1141.000	694.590	-479.500	3499.141
1142.000	694.580	-483.667	3502.241
1143.000	694.570	-491.167	3505.200
1144.000	694.560	-493.833	3508.166
1145.000	694.550	-500.167	3511.132
1146.000	694.540	-450.167	3514.258
1147.000	694.530	-470.833	3517.188
1148.000	694.520	-523.167	3520.149
1149.000	694.510	-535.667	3523.245
1150.000	694.500	-572.333	3526.206
1151.000	694.490	-540.333	3529.172
1152.000	694.480	-492.500	3532.140
1153.000	694.470	-540.667	3535.237
1154.000	694.460	-519.000	3539.066
1155.000	694.450	-514.667	3541.242
1156.000	694.440	-529.500	3544.208
1157.000	694.430	-550.500	3547.175
1158.000	694.420	-572.500	3550.138
1159.000	694.410	-566.000	3553.236
1160.000	694.400	-604.500	3556.210
1161.000	694.390	-619.000	3559.171
1162.000	694.380	-632.833	3562.136
1163.000	694.370	-620.667	3565.228
1164.000	694.360	-528.000	3568.204
1165.000	694.350	-533.167	3571.168
1166.000	694.340	-613.667	3574.131
1167.000	694.330	-570.333	3577.227
1168.000	694.320	-529.167	3580.199
1169.000	694.310	-560.167	3583.163
1170.000	694.300	-583.333	3586.126
1171.000	694.290	-646.500	3589.216
1172.000	694.280	-694.667	3592.191
1173.000	694.270	-693.333	3595.154
1174.000	694.260	-646.833	3598.119
1175.000	694.250	-592.167	3601.212
1176.000	694.240	-583.167	3604.185
1177.000	694.230	-649.500	3607.148
1178.000	694.220	-599.167	3610.239
1179.000	694.210	-591.167	3613.212
1180.000	694.200	-607.000	3616.173
1181.000	694.190	-559.167	3619.135
1182.000	694.180	-560.500	3622.230
1183.000	694.170	-615.000	3625.205
1184.000	694.160	-587.000	3628.169
1185.000	694.150	-549.667	3631.132
1186.000	694.140	-615.167	3634.225
1187.000	694.130	-604.500	3637.199
1188.000	694.120	-620.167	3640.161
1189.000	694.110	-572.667	3643.126
1190.000	694.100	-615.000	3646.219
1191.000	694.090	-578.167	3649.193
1192.000	694.080	-570.333	3652.159
1193.000	694.070	-622.333	3655.122
1194.000	694.060	-594.167	3658.214
1195.000	694.050	-573.000	3661.186
1196.000	694.040	-630.167	3664.149
1197.000	694.030	-641.833	3667.240
1198.000	694.020	-582.167	3670.211
1199.000	694.010	-664.500	3673.174
1200.000	694.000	-679.333	3676.136
1201.000	693.990	-719.500	3679.228
1202.000	693.980	-683.333	3682.203
1203.000	693.970	-695.667	3685.164
1204.000	693.960	-692.500	3688.128
1205.000	693.950	-716.000	3691.222
1206.000	693.940	-699.167	3694.197
1207.000	693.930	-721.500	3697.160
1208.000	693.920	-705.833	3700.123
1209.000	693.910	-677.333	3703.218
1210.000	693.900	-716.833	3706.190
1211.000	693.890	-647.000	3709.153
1212.000	693.880	-748.167	3712.287
1213.000	693.870	-723.333	3715.224
1214.000	693.860	-713.667	3718.184
1215.000	693.850	-711.167	3721.146
1216.000	693.840	-715.833	3724.239
1217.000	693.830	-666.333	3727.210
1218.000	693.820	-679.000	3730.173
1219.000	693.810	-644.000	3733.139
1220.000	693.800	-632.500	3736.233
1221.000	693.790	-642.667	3739.208
1222.000	693.780	-671.667	3742.172
1223.000	693.770	-711.667	3745.135
1224.000	693.760	-699.500	3748.228
1225.000	693.750	-691.667	3751.200
1226.000	693.740	-659.667	3754.164
1227.000	693.730	-632.167	3757.129
1228.000	693.720	-626.667	3760.224
1229.000	693.710	-692.167	3763.183
1230.000	693.700	-721.833	3766.150
1231.000	693.690	-665.667	3769.121
1232.000	693.680	-650.000	3772.218
1233.000	693.670	-636.167	3775.177
1234.000	693.660	-701.500	3778.145
1235.000	693.650	-740.833	3781.241
1236.000	693.640	-742.667	3784.200
1237.000	693.630	-719.667	3787.166
1238.000	693.620	-763.667	3790.134
1239.000	693.610	-759.833	3793.232
1240.000	693.600	-763.000	3796.206
1241.000	693.590	-834.667	3799.173
1242.000	693.580	-811.667	3802.140
1243.000	693.570	-806.333	3805.238
1244.000	693.560	-778.833	3808.195
1245.000	693.550	-748.500	3811.163
1246.000	693.540	-772.833	3814.133
1247.000	693.530	-742.833	3817.230
1248.000	693.520	-718.667	3820.189
1249.000	693.510	-707.833	3823.153
1250.000	693.500	-729.500	3826.119
1251.000	693.490	-735.000	3829.216
1252.000	693.480	-738.667	3832.173
1253.000	693.470	-792.167	3835.139
1254.000	693.460	-749.833	3838.238
1255.000	693.450	-749.667	3841.193
1256.000	693.440	-752.333	3844.161
1257.000	693.430	-652.500	3847.130
1258.000	693.420	-697.667	3850.231
1259.000	693.410	-678.500	3853.187
1260.000	693.400	-719.167	3856.155
1261.000	693.390	-673.500	3859.122
1262.000	693.380	-665.667	3862.217
1263.000	693.370	-658.667	3865.176
1264.000	693.360	-615.667	3868.143
1265.000	693.350	-658.333	3871.239
1266.000	693.340	-702.000	3874.198
1267.000	693.330	-590.500	3877.164
1268.000	693.320	-623.500	3880.132
1269.000	693.310	-614.333	3883.230
1270.000	693.300	-599.667	3886.188
1271.000	693.290	-643.500	3889.156
1272.000	693.280	-587.167	3892.124
1273.000	693.270	-558.500	3895.224
1274.000	693.260	-595.833	3898.182
1275.000	693.250	-554.833	3901.147
1276.000	693.240	-584.333	3904.245
1277.000	693.230	-581.500	3907.201
1278.000	693.220	-669.833	3910.171
1279.000	693.210	-714.667	3913.137
1280.000	693.200	-682.500	3916.234
1281.000	693.190	-579.500	3919.191
1282.000	693.180	-537.667	3922.157
1283.000	693.170	-536.333	3925.127
1284.000	693.160	-517.667	3928.220
1285.000	693.150	-548.500	3931.178
1286.000	693.140	-529.333	3934.144
1287.000	693.130	-475.167	3937.240
1288.000	693.120	-474.833	3940.197
1289.000	693.110	-480.333	3943.163
1290.000	693.100	-449.667	3946.128
1291.000	693.090	-413.167	3949.223
1292.000	693.080	-419.333	3952.181
1293.000	693.070	-386.667	3955.144
1294.000	693.060	-386.167	3958.238
1295.000	693.050	-416.667	3961.211
1296.000	693.040	-433.833	3964.176
1297.000	693.030	-432.500	3967.141
1298.000	693.020	-522.000	3970.237
1299.000	693.010	-504.167	3973.193
1300.000	693.000	-463.333	3976.156
1301.000	692.990	-441.667	3979.122
1302.000	692.980	-432.833	3982.215
1303.000	692.970	-429.000	3985.189
1304.000	692.960	-445.667	3988.152
1305.000	692.950	-499.167	3991.244
1306.000	692.940	-552.000	3994.216
1307.000	692.930	-541.000	3997.178
1308.000	692.920	-506.000	4000.140
1309.000	692.910	-490.167	4003.230
1310.000	692.900	-470.500	4006.203
1311.000	692.890	-491.167	4009.166
1312.000	692.880	-472.833	4012.127
1313.000	692.870	-430.500	4015.221
1314.000	692.860	-424.333	4018.190
1315.000	692.850	-387.167	4021.155
1316.000	692.840	-413.833	4024.118
1317.000	692.830	-465.833	4027.210
1318.000	692.820	-487.333	4030.184
1319.000	692.810	-471.667	4033.142
1320.000	692.800	-474.500	4036.231
1321.000	692.790	-492.000	4039.200
1322.000	692.780	-553.167	4042.157
1323.000	692.770	-528.000	4045.283
1324.000	692.760	-560.833	4048.239
1325.000	692.750	-548.167	4051.197
1326.000	692.740	-497.500	4054.154
1327.000	692.730	-472.333	4057.245
1328.000	692.720	-512.667	4060.215
1329.000	692.710	-524.000	4063.176
1330.000	692.700	-537.167	4066.138
1331.000	692.690	-482.667	4069.231
1332.000	692.680	-534.000	4072.205
1333.000	692.670	-534.167	4075.168
1334.000	692.660	-540.833	4078.131
1335.000	692.650	-505.167	4081.223
1336.000	692.640	-509.500	4084.193
1337.000	692.630	-497.667	4087.154
1338.000	692.620	-463.500	4090.245
1339.000	692.610	-492.500	4093.212
1340.000	692.600	-537.500	4096.172
1341.000	692.590	-553.500	4099.130
1342.000	692.580	-548.333	4102.223
1343.000	692.570	-527.667	4105.191
1344.000	692.560	-607.833	4108.147
1345.000	692.550	-557.000	4111.237
1346.000	692.540	-551.000	4114.205
1347.000	692.530	-526.000	4117.166
1348.000	692.520	-527.167	4120.127
1349.000	692.510	-543.667	4123.221
1350.000	692.500	-530.833	4126.193
1351.000	692.490	-494.333	4129.154
1352.000	692.480	-547.500	4132.283
1353.000	692.470	-556.667	4135.221
1354.000	692.460	-556.500	4138.194
1355.000	692.450	-521.667	4141.152
1356.000	692.440	-510.333	4144.240
1357.000	692.430	-588.167	4147.208
1358.000	692.420	-608.333	4150.165
1359.000	692.410	-642.000	4153.121
1360.000	692.400	-584.833	4156.210
1361.000	692.390	-558.000	4159.175
1362.000	692.380	-496.167	4162.133
1363.000	692.370	-505.333	4165.239
1364.000	692.360	-507.833	4168.202
1365.000	692.350	-537.500	4171.162
1366.000	692.340	-567.167	4174.117
1367.000	692.330	-583.167	4177.206
1368.000	692.320	-526.500	4180.173
1369.000	692.310	-534.167	4183.131
1370.000	692.300	-592.667	4186.222
1371.000	692.290	-587.000	4189.191
1372.000	692.280	-525.833	4192.149
1373.000	692.270	-565.833	4195.238
1374.000	692.260	-552.833	4198.205
1375.000	692.250	-607.667	4201.163
1376.000	692.240	-611.333	4204.126
1377.000	692.230	-678.333	4207.218
1378.000	692.220	-675.000	4210.186
1379.000	692.210	-582.000	4213.149
1380.000	692.200	-572.500	4216.236
1381.000	692.190	-612.500	4219.201
1382.000	692.180	-592.333	4222.158
1383.000	692.170	-595.667	4225.131
1384.000	692.160	-629.167	4228.219
1385.000	692.150	-615.667	4231.183
1386.000	692.140	-605.833	4234.140
1387.000	692.130	-563.833	4237.228
1388.000	692.120	-508.333	4240.191
1389.000	692.110	-523.667	4243.149
1390.000	692.100	-538.500	4246.123
1391.000	692.090	-538.167	4249.227
1392.000	692.080	-546.500	4252.191
1393.000	692.070	-583.333	4255.164
1394.000	692.060	-534.667	4258.122
1395.000	692.050	-544.833	4261.226
1396.000	692.040	-541.833	4264.191
1397.000	692.030	-524.333	4267.148
1398.000	692.020	-537.833	4270.122
1399.000	692.010	-548.000	4273.210
1400.000	692.000	-591.833	4276.174
1401.000	691.990	-567.167	4279.127
1402.000	691.980	-579.333	4282.233
1403.000	691.970	-514.500	4285.193
1404.000	691.960	-538.667	4288.164
1405.000	691.950	-573.000	4291.136
1406.000	691.940	-627.333	4294.240
1407.000	691.930	-594.167	4297.205
1408.000	691.920	-520.167	4300.179
1409.000	691.910	-526.667	4303.135
1410.000	691.900	-559.167	4306.237
1411.000	691.890	-535.833	4309.198
1412.000	691.880	-514.667	4312.155
1413.000	691.870	-479.667	4315.131
1414.000	691.860	-548.000	4318.218
1415.000	691.850	-506.000	4321.184
1416.000	691.840	-462.833	4324.143
1417.000	691.830	-455.500	4327.234
1418.000	691.820	-480.667	4330.200
1419.000	691.810	-511.667	4333.159
1420.000	691.800	-516.833	4336.132
1421.000	691.790	-541.833	4339.222
1422.000	691.780	-500.667	4342.188
1423.000	691.770	-543.500	4345.145
1424.000	691.760	-556.167	4348.232
1425.000	691.750	-588.000	4351.195
1426.000	691.740	-618.167	4354.155
1427.000	691.730	-616.667	4357.284
1428.000	691.720	-572.333	4360.221
1429.000	691.710	-542.500	4363.180
1430.000	691.700	-528.667	4366.143
1431.000	691.690	-482.500	4369.236
1432.000	691.680	-538.833	4372.207
1433.000	691.670	-523.000	4375.166
1434.000	691.660	-526.167	4378.128
1435.000	691.650	-531.000	4381.215
1436.000	691.640	-529.000	4384.186
1437.000	691.630	-554.667	4387.145
1438.000	691.620	-513.667	4390.233
1439.000	691.610	-473.667	4393.200
1440.000	691.600	-504.667	4396.155
1441.000	691.590	-545.667	4399.244
1442.000	691.580	-559.500	4402.209
1443.000	691.570	-546.167	4405.182
1444.000	691.560	-567.500	4408.140
1445.000	691.550	-552.167	4411.244
1446.000	691.540	-471.500	4414.209
1447.000	691.530	-500.667	4417.183
1448.000	691.520	-480.833	4420.154
1449.000	691.510	-438.167	4423.128
1450.000	691.500	-476.167	4426.230
1451.000	691.490	-544.500	4429.194
1452.000	691.480	-568.000	4432.152
1453.000	691.470	-525.833	4435.125
1454.000	691.460	-522.833	4438.213
1455.000	691.450	-459.333	4441.177
1456.000	691.440	-397.167	4444.135
1457.000	691.430	-445.333	4447.223
1458.000	691.420	-496.000	4450.188
1459.000	691.410	-480.000	4453.147
1460.000	691.400	-474.167	4456.234
1461.000	691.390	-454.333	4459.202
1462.000	691.380	-502.500	4462.158
1463.000	691.370	-511.833	4465.278
1464.000	691.360	-517.167	4468.234
1465.000	691.350	-539.833	4471.204
1466.000	691.340	-538.333	4474.162
1467.000	691.330	-519.667	4477.283
1468.000	691.320	-473.500	4480.237
1469.000	691.310	-487.667	4483.211
1470.000	691.300	-485.000	4486.170
1471.000	691.290	-495.000	4489.130
1472.000	691.280	-462.667	4492.218
1473.000	691.270	-482.333	4495.191
1474.000	691.260	-486.333	4498.152
1475.000	691.250	-471.500	4501.244
1476.000	691.240	-457.000	4504.219
1477.000	691.230	-453.333	4507.180
1478.000	691.220	-508.833	4510.144
1479.000	691.210	-556.000	4513.236
1480.000	691.200	-570.667	4516.209
1481.000	691.190	-583.167	4519.172
1482.000	691.180	-528.500	4522.135
1483.000	691.170	-511.833	4525.229
1484.000	691.160	-494.333	4528.198
1485.000	691.150	-489.833	4531.159
1486.000	691.140	-552.833	4534.122
1487.000	691.130	-518.167	4537.212
1488.000	691.120	-528.500	4540.186
1489.000	691.110	-558.667	4543.147
1490.000	691.100	-571.833	4546.240
1491.000	691.090	-601.167	4549.213
1492.000	691.080	-632.000	4552.174
1493.000	691.070	-636.667	4555.136
1494.000	691.060	-614.167	4558.229
1495.000	691.050	-612.333	4561.201
1496.000	691.040	-628.167	4564.164
1497.000	691.030	-654.167	4567.126
1498.000	691.020	-554.667	4570.219
1499.000	691.010	-555.667	4573.194
1500.000	691.000	-521.833	4576.157
1501.000	690.990	-514.500	4579.119
1502.000	690.980	-502.333	4582.211
1503.000	690.970	-485.667	4585.183
1504.000	690.960	-511.500	4588.144
1505.000	690.950	-522.000	4591.234
1506.000	690.940	-508.000	4594.206
1507.000	690.930	-472.500	4597.167
1508.000	690.920	-456.333	4600.132
1509.000	690.910	-435.167	4603.225
1510.000	690.900	-403.833	4606.197
1511.000	690.890	-417.500	4609.164
1512.000	690.880	-463.000	4612.125
1513.000	690.870	-411.667	4615.218
1514.000	690.860	-461.833	4618.187
1515.000	690.850	-490.833	4621.146
1516.000	690.840	-531.667	4624.236
1517.000	690.830	-493.333	4627.204
1518.000	690.820	-473.667	4630.163
1519.000	690.810	-458.833	4633.119
1520.000	690.800	-469.833	4636.208
1521.000	690.790	-473.833	4639.175
1522.000	690.780	-512.500	4642.132
1523.000	690.770	-481.833	4645.222
1524.000	690.760	-458.833	4648.187
1525.000	690.750	-533.833	4651.145
1526.000	690.740	-482.833	4654.232
1527.000	690.730	-489.833	4657.198
1528.000	690.720	-437.667	4660.157
1529.000	690.710	-448.667	4663.244
1530.000	690.700	-479.667	4666.209
1531.000	690.690	-463.333	4669.168
1532.000	690.680	-474.000	4672.125
1533.000	690.670	-392.667	4675.217
1534.000	690.660	-438.167	4678.186
1535.000	690.650	-468.000	4681.148
1536.000	690.640	-535.000	4684.238
1537.000	690.630	-523.333	4687.207
1538.000	690.620	-492.167	4690.169
1539.000	690.610	-462.667	4693.128
1540.000	690.600	-454.833	4696.222
1541.000	690.590	-460.833	4699.195
1542.000	690.580	-483.333	4702.156
1543.000	690.570	-472.500	4705.120
1544.000	690.560	-454.000	4708.211
1545.000	690.550	-404.667	4711.182
1546.000	690.540	-396.833	4714.142
1547.000	690.530	-402.167	4717.232
1548.000	690.520	-383.000	4720.206
1549.000	690.510	-431.333	4723.168
1550.000	690.500	-447.833	4726.133
1551.000	690.490	-518.667	4729.226
1552.000	690.480	-553.333	4732.197
1553.000	690.470	-588.833	4735.160
1554.000	690.460	-585.667	4738.119
1555.000	690.450	-519.333	4741.161
1556.000	690.440	-463.667	4744.121
1557.000	690.430	-479.000	4747.209
1558.000	690.420	-444.333	4750.180
1559.000	690.410	-438.500	4753.137
1560.000	690.400	-445.833	4756.228
1561.000	690.390	-435.833	4759.194
1562.000	690.380	-433.000	4762.150
1563.000	690.370	-500.167	4765.242
1564.000	690.360	-515.000	4768.208
1565.000	690.350	-547.000	4771.166
1566.000	690.340	-596.333	4774.123
1567.000	690.330	-591.833	4777.212
1568.000	690.320	-523.500	4780.175
1569.000	690.310	-569.333	4783.132
1570.000	690.300	-554.833	4786.237
1571.000	690.290	-523.667	4789.200
1572.000	690.280	-522.500	4792.154
1573.000	690.270	-503.167	4795.243
1574.000	690.260	-539.667	4798.204
1575.000	690.250	-476.500	4801.164
1576.000	690.240	-490.167	4804.120
1577.000	690.230	-492.833	4807.208
1578.000	690.220	-453.667	4810.171
1579.000	690.210	-460.667	4813.145
1580.000	690.200	-458.833	4816.119
1581.000	690.190	-471.333	4819.223
1582.000	690.180	-458.333	4822.186
1583.000	690.170	-533.333	4825.161
1584.000	690.160	-522.167	4828.134
1585.000	690.150	-485.333	4831.238
1586.000	690.140	-439.833	4834.201
1587.000	690.130	-465.000	4837.176
1588.000	690.120	-480.833	4840.149
1589.000	690.110	-473.667	4843.123
1590.000	690.100	-469.667	4846.228
1591.000	690.090	-506.000	4849.191
1592.000	690.080	-538.167	4852.148
1593.000	690.070	-555.000	4855.236
1594.000	690.060	-499.667	4858.201
1595.000	690.050	-548.333	4861.176
1596.000	690.040	-521.833	4864.150
1597.000	690.030	-513.500	4867.238
1598.000	690.020	-568.667	4870.203
1599.000	690.010	-559.667	4873.159
1600.000	690.000	-568.333	4876.281
1601.000	689.990	0.000	4879.235
