1800.000	720.000	-144.200	5398.853
1799.000	719.990	-144.800	5395.891
1798.000	719.980	-136.300	5392.935
1797.000	719.970	-138.600	5389.845
1796.000	719.960	-158.000	5386.883
1795.000	719.950	-140.900	5383.919
1794.000	719.940	-153.200	5380.948
1793.000	719.930	-84.600	5377.854
1792.000	719.920	-137.300	5374.906
1791.000	719.910	-163.900	5371.922
1790.000	719.900	-176.000	5368.830
1789.000	719.890	-154.600	5365.869
1788.000	719.880	-139.100	5362.907
1787.000	719.870	-128.900	5359.952
1786.000	719.860	-197.300	5356.998
1785.000	719.850	-173.400	5353.866
1784.000	719.840	-123.800	5350.905
1783.000	719.830	-142.300	5347.938
1782.000	719.820	-185.500	5344.849
1781.000	719.810	-187.300	5341.888
1780.000	719.800	-169.500	5338.923
1779.000	719.790	-170.100	5335.833
1778.000	719.780	-115.200	5332.877
1777.000	719.770	-134.900	5329.919
1776.000	719.760	-123.100	5326.950
1775.000	719.750	-122.300	5323.863
1774.000	719.740	-146.600	5320.905
1773.000	719.730	-132.700	5317.935
1772.000	719.720	-115.200	5314.847
1771.000	719.710	-150.100	5311.887
1770.000	719.700	-90.600	5308.921
1769.000	719.690	-156.100	5305.832
1768.000	719.680	-98.400	5302.871
1767.000	719.670	-129.800	5299.913
1766.000	719.660	-117.500	5296.945
1765.000	719.650	-176.200	5293.856
1764.000	719.640	-234.400	5290.896
1763.000	719.630	-175.000	5287.926
1762.000	719.620	-134.900	5284.836
1761.000	719.610	-143.700	5281.873
1760.000	719.600	-84.700	5278.916
1759.000	719.590	-107.700	5275.946
1758.000	719.580	-131.100	5272.854
1757.000	719.570	-155.000	5269.890
1756.000	719.560	-197.600	5266.930
1755.000	719.550	-196.800	5263.980
1754.000	719.540	-239.400	5260.860
1753.000	719.530	-233.900	5257.895
1752.000	719.520	-166.400	5254.926
1751.000	719.510	-134.100	5251.830
1750.000	719.500	-120.300	5248.868
1749.000	719.490	-100.700	5245.905
1748.000	719.480	-164.600	5242.950
1747.000	719.470	-143.600	5239.857
1746.000	719.460	-138.000	5236.891
1745.000	719.450	-132.200	5233.926
1744.000	719.440	-236.100	5230.954
1743.000	719.430	-182.200	5227.862
1742.000	719.420	-202.200	5224.901
1741.000	719.410	-225.500	5221.930
1740.000	719.400	-228.400	5218.838
1739.000	719.390	-276.900	5215.874
1738.000	719.380	-225.700	5212.912
1737.000	719.370	-184.000	5209.940
1736.000	719.360	-180.700	5206.848
1735.000	719.350	-195.800	5203.885
1734.000	719.340	-186.500	5200.922
1733.000	719.330	-143.800	5197.952
1732.000	719.320	-180.200	5194.861
1731.000	719.310	-189.700	5191.900
1730.000	719.300	-211.600	5188.932
1729.000	719.290	-199.800	5185.841
1728.000	719.280	-112.700	5182.881
1727.000	719.270	-116.600	5179.921
1726.000	719.260	-160.600	5176.953
1725.000	719.250	-224.700	5173.866
1724.000	719.240	-212.100	5170.908
1723.000	719.230	-201.800	5167.944
1722.000	719.220	-159.300	5164.857
1721.000	719.210	-121.700	5161.902
1720.000	719.200	-57.600	5158.947
1719.000	719.190	-137.500	5155.996
1718.000	719.180	-161.300	5152.868
1717.000	719.170	-138.100	5149.911
1716.000	719.160	-97.800	5146.942
1715.000	719.150	-163.300	5143.854
1714.000	719.140	-165.700	5140.895
1713.000	719.130	-240.800	5137.929
1712.000	719.120	-214.600	5134.838
1711.000	719.110	-281.800	5131.878
1710.000	719.100	-251.300	5128.918
1709.000	719.090	-265.600	5125.949
1708.000	719.080	-224.400	5122.861
1707.000	719.070	-214.100	5119.901
1706.000	719.060	-190.700	5116.932
1705.000	719.050	-223.900	5113.840
1704.000	719.040	-198.100	5110.879
1703.000	719.030	-190.000	5107.919
1702.000	719.020	-172.700	5104.948
1701.000	719.010	-194.700	5101.855
1700.000	719.000	-158.800	5098.895
1699.000	718.990	-224.000	5095.923
1698.000	718.980	-252.600	5092.834
1697.000	718.970	-201.500	5089.872
1696.000	718.960	-199.000	5086.911
1695.000	718.950	-221.100	5083.944
1694.000	718.940	-309.100	5080.853
1693.000	718.930	-238.700	5077.892
1692.000	718.920	-223.500	5074.921
1691.000	718.910	-153.000	5071.829
1690.000	718.900	-142.000	5068.869
1689.000	718.890	-145.400	5065.905
1688.000	718.880	-175.700	5062.935
1687.000	718.870	-177.100	5059.843
1686.000	718.860	-244.000	5056.880
1685.000	718.850	-260.200	5053.922
1684.000	718.840	-239.500	5050.952
1683.000	718.830	-240.600	5047.863
1682.000	718.820	-164.600	5044.901
1681.000	718.810	-174.900	5041.929
1680.000	718.800	-204.300	5038.838
1679.000	718.790	-185.900	5035.875
1678.000	718.780	-164.300	5032.916
1677.000	718.770	-154.900	5029.945
1676.000	718.760	-158.400	5026.855
1675.000	718.750	-196.600	5023.891
1674.000	718.740	-224.700	5020.921
1673.000	718.730	-247.700	5017.829
1672.000	718.720	-187.200	5014.869
1671.000	718.710	-187.100	5011.910
1670.000	718.700	-180.400	5008.951
1669.000	718.690	-105.400	5005.998
1668.000	718.680	-161.200	5002.865
1667.000	718.670	-207.500	4999.901
1666.000	718.660	-236.800	4996.949
1665.000	718.650	-235.300	4993.857
1664.000	718.640	-199.400	4990.894
1663.000	718.630	-242.700	4987.926
1662.000	718.620	-170.600	4984.833
1661.000	718.610	-201.700	4981.874
1660.000	718.600	-185.000	4978.913
1659.000	718.590	-210.000	4975.942
1658.000	718.580	-230.500	4972.849
1657.000	718.570	-226.800	4969.882
1656.000	718.560	-246.100	4966.924
1655.000	718.550	-199.000	4963.951
1654.000	718.540	-206.800	4960.856
1653.000	718.530	-181.000	4957.898
1652.000	718.520	-196.600	4954.846
1651.000	718.510	-223.400	4951.885
1650.000	718.500	-178.400	4948.929
1649.000	718.490	-183.300	4945.834
1648.000	718.480	-224.700	4942.869
1647.000	718.470	-226.400	4939.907
1646.000	718.460	-282.400	4936.949
1645.000	718.450	-202.900	4933.997
1644.000	718.440	-230.000	4930.866
1643.000	718.430	-241.000	4927.907
1642.000	718.420	-193.500	4924.939
1641.000	718.410	-191.400	4921.853
1640.000	718.400	-196.000	4918.894
1639.000	718.390	-206.700	4915.932
1638.000	718.380	-231.000	4912.845
1637.000	718.370	-256.600	4909.889
1636.000	718.360	-239.100	4906.926
1635.000	718.350	-245.000	4903.837
1634.000	718.340	-236.900	4900.883
1633.000	718.330	-250.300	4897.917
1632.000	718.320	-208.400	4894.829
1631.000	718.310	-227.600	4891.871
1630.000	718.300	-246.200	4888.911
1629.000	718.290	-237.500	4885.942
1628.000	718.280	-296.200	4882.849
1627.000	718.270	-257.700	4879.887
1626.000	718.260	-294.000	4876.924
1625.000	718.250	-328.300	4873.954
1624.000	718.240	-254.000	4870.863
1623.000	718.230	-232.200	4867.902
1622.000	718.220	-284.700	4864.933
1621.000	718.210	-274.700	4861.843
1620.000	718.200	-293.100	4858.883
1619.000	718.190	-263.400	4855.925
1618.000	718.180	-236.600	4852.955
1617.000	718.170	-231.000	4849.862
1616.000	718.160	-169.000	4846.903
1615.000	718.150	-177.600	4843.946
1614.000	718.140	-218.900	4840.994
1613.000	718.130	-220.600	4837.865
1612.000	718.120	-207.500	4834.903
1611.000	718.110	-237.300	4831.932
1610.000	718.100	-270.900	4828.838
1609.000	718.090	-238.900	4825.874
1608.000	718.080	-293.900	4822.912
1607.000	718.070	-210.100	4819.951
1606.000	718.060	-249.400	4817.000
1605.000	718.050	-240.800	4813.866
1604.000	718.040	-269.400	4810.907
1603.000	718.030	-258.800	4807.952
1602.000	718.020	-333.900	4804.858
1601.000	718.010	-231.700	4801.897
1600.000	718.000	-213.400	4798.924
1599.000	717.990	-211.400	4795.831
1598.000	717.980	-212.700	4792.868
1597.000	717.970	-216.500	4789.905
1596.000	717.960	-243.700	4786.950
1595.000	717.950	-225.100	4783.856
1594.000	717.940	-246.100	4780.893
1593.000	717.930	-286.600	4777.932
1592.000	717.920	-289.100	4774.981
1591.000	717.910	-262.100	4771.863
1590.000	717.900	-264.000	4768.900
1589.000	717.890	-300.100	4765.945
1588.000	717.880	-287.300	4762.850
1587.000	717.870	-324.400	4759.886
1586.000	717.860	-334.100	4756.924
1585.000	717.850	-345.800	4753.950
1584.000	717.840	-282.600	4750.857
1583.000	717.830	-342.200	4747.895
1582.000	717.820	-310.700	4744.923
1581.000	717.810	-251.900	4741.830
1580.000	717.800	-202.600	4738.866
1579.000	717.790	-247.800	4735.904
1578.000	717.780	-272.500	4732.932
1577.000	717.770	-290.600	4729.841
1576.000	717.760	-262.700	4726.877
1575.000	717.750	-311.700	4723.920
1574.000	717.740	-371.600	4720.829
1573.000	717.730	-408.500	4717.865
1572.000	717.720	-436.300	4714.905
1571.000	717.710	-355.400	4711.935
1570.000	717.700	-412.300	4708.842
1569.000	717.690	-399.400	4705.881
1568.000	717.680	-455.800	4702.921
1567.000	717.670	-334.800	4699.953
1566.000	717.660	-335.600	4696.861
1565.000	717.650	-229.100	4693.900
1564.000	717.640	-284.200	4690.930
1563.000	717.630	-276.200	4687.836
1562.000	717.620	-284.100	4684.874
1561.000	717.610	-269.500	4681.911
1560.000	717.600	-300.200	4678.942
1559.000	717.590	-268.700	4675.850
1558.000	717.580	-268.500	4672.889
1557.000	717.570	-234.500	4669.920
1556.000	717.560	-312.300	4666.828
1555.000	717.550	-361.200	4663.868
1554.000	717.540	-267.700	4660.908
1553.000	717.530	-372.600	4657.934
1552.000	717.520	-450.000	4654.844
1551.000	717.510	-443.200	4651.882
1550.000	717.500	-396.100	4648.921
1549.000	717.490	-391.600	4645.952
1548.000	717.480	-374.700	4642.863
1547.000	717.470	-389.100	4639.903
1546.000	717.460	-386.600	4636.932
1545.000	717.450	-358.300	4633.840
1544.000	717.440	-369.100	4630.878
1543.000	717.430	-358.500	4627.916
1542.000	717.420	-442.700	4624.945
1541.000	717.410	-366.800	4621.851
1540.000	717.400	-396.200	4618.890
1539.000	717.390	-383.000	4615.920
1538.000	717.380	-384.400	4612.829
1537.000	717.370	-491.300	4609.869
1536.000	717.360	-458.800	4606.906
1535.000	717.350	-390.600	4603.937
1534.000	717.340	-383.900	4600.845
1533.000	717.330	-388.100	4597.881
1532.000	717.320	-434.000	4594.918
1531.000	717.310	-445.800	4591.947
1530.000	717.300	-480.000	4588.857
1529.000	717.290	-468.700	4585.895
1528.000	717.280	-466.900	4582.924
1527.000	717.270	-499.200	4579.836
1526.000	717.260	-468.900	4576.876
1525.000	717.250	-526.900	4573.915
1524.000	717.240	-480.500	4570.944
1523.000	717.230	-489.500	4567.851
1522.000	717.220	-444.400	4564.890
1521.000	717.210	-467.300	4561.932
1520.000	717.200	-501.600	4558.981
1519.000	717.190	-524.800	4555.864
1518.000	717.180	-464.100	4552.899
1517.000	717.170	-460.600	4549.944
1516.000	717.160	-570.900	4546.851
1515.000	717.150	-586.000	4543.887
1514.000	717.140	-494.500	4540.922
1513.000	717.130	-462.000	4537.951
1512.000	717.120	-469.300	4534.857
1511.000	717.110	-560.800	4531.891
1510.000	717.100	-625.400	4528.938
1509.000	717.090	-506.000	4525.842
1508.000	717.080	-511.300	4522.882
1507.000	717.070	-554.400	4519.927
1506.000	717.060	-678.400	4516.830
1505.000	717.050	-769.700	4513.866
1504.000	717.040	-593.100	4510.899
1503.000	717.030	-556.700	4507.925
1502.000	717.020	-589.200	4504.832
1501.000	717.010	-641.700	4501.868
1500.000	717.000	-692.900	4498.906
1499.000	716.990	-722.900	4495.936
1498.000	716.980	-669.400	4492.845
1497.000	716.970	-533.300	4489.882
1496.000	716.960	-603.500	4486.920
1495.000	716.950	-608.400	4483.947
1494.000	716.940	-625.200	4480.854
1493.000	716.930	-631.400	4477.893
1492.000	716.920	-628.200	4474.923
1491.000	716.910	-627.100	4471.829
1490.000	716.900	-675.800	4468.869
1489.000	716.890	-755.400	4465.906
1488.000	716.880	-736.700	4462.937
1487.000	716.870	-740.600	4459.847
1486.000	716.860	-743.200	4456.889
1485.000	716.850	-722.100	4453.920
1484.000	716.840	-679.300	4450.829
1483.000	716.830	-768.900	4447.867
1482.000	716.820	-814.300	4444.907
1481.000	716.810	-828.300	4441.933
1480.000	716.800	-915.300	4438.842
1479.000	716.790	-980.300	4435.879
1478.000	716.780	-817.900	4432.918
1477.000	716.770	-870.200	4429.946
1476.000	716.760	-776.200	4426.854
1475.000	716.750	-802.200	4423.894
1474.000	716.740	-777.900	4420.923
1473.000	716.730	-820.800	4417.833
1472.000	716.720	-866.100	4414.871
1471.000	716.710	-874.400	4411.911
1470.000	716.700	-864.700	4408.943
1469.000	716.690	-1032.600	4405.850
1468.000	716.680	-908.000	4402.887
1467.000	716.670	-981.100	4399.923
1466.000	716.660	-1032.500	4396.952
1465.000	716.650	-1060.800	4393.857
1464.000	716.640	-1196.700	4390.896
1463.000	716.630	-1024.100	4387.925
1462.000	716.620	-1129.700	4384.834
1461.000	716.610	-1078.000	4381.874
1460.000	716.600	-1185.700	4378.914
1459.000	716.590	-962.200	4375.944
1458.000	716.580	-941.600	4372.853
1457.000	716.570	-1076.600	4369.889
1456.000	716.560	-1194.900	4366.927
1455.000	716.550	-1224.100	4363.956
1454.000	716.540	-1111.800	4360.860
1453.000	716.530	-1038.500	4357.898
1452.000	716.520	-1141.500	4354.943
1451.000	716.510	-1016.900	4351.851
1450.000	716.500	-1136.900	4348.886
1449.000	716.490	-1220.500	4345.921
1448.000	716.480	-1263.500	4342.949
1447.000	716.470	-1112.800	4339.858
1446.000	716.460	-1142.800	4336.897
1445.000	716.450	-970.400	4333.923
1444.000	716.440	-1055.400	4330.830
1443.000	716.430	-1179.200	4327.867
1442.000	716.420	-1177.300	4324.904
1441.000	716.410	-1096.500	4321.932
1440.000	716.400	-1062.300	4318.841
1439.000	716.390	-1099.800	4315.876
1438.000	716.380	-937.300	4312.913
1437.000	716.370	-1099.000	4309.939
1436.000	716.360	-1050.600	4306.846
1435.000	716.350	-1030.600	4303.879
1434.000	716.340	-927.200	4300.919
1433.000	716.330	-867.700	4297.946
1432.000	716.320	-900.600	4294.852
1431.000	716.310	-953.600	4291.889
1430.000	716.300	-1053.300	4288.924
1429.000	716.290	-879.500	4285.950
1428.000	716.280	-935.000	4282.858
1427.000	716.270	-1043.400	4279.895
1426.000	716.260	-1060.400	4276.929
1425.000	716.250	-945.800	4273.980
1424.000	716.240	-855.900	4270.858
1423.000	716.230	-1009.000	4267.898
1422.000	716.220	-1023.800	4264.941
1421.000	716.210	-1016.100	4261.846
1420.000	716.200	-1148.300	4258.883
1419.000	716.190	-1112.600	4255.915
1418.000	716.180	-964.200	4252.944
1417.000	716.170	-968.000	4249.848
1416.000	716.160	-976.300	4246.889
1415.000	716.150	-1042.200	4243.932
1414.000	716.140	-978.500	4240.838
1413.000	716.130	-908.800	4237.872
1412.000	716.120	-787.100	4234.908
1411.000	716.110	-843.500	4231.952
1410.000	716.100	-920.300	4228.858
1409.000	716.090	-809.500	4225.894
1408.000	716.080	-907.800	4222.937
1407.000	716.070	-851.900	4219.839
1406.000	716.060	-803.500	4216.875
1405.000	716.050	-683.400	4213.909
1404.000	716.040	-710.800	4210.936
1403.000	716.030	-653.000	4207.840
1402.000	716.020	-658.500	4204.877
1401.000	716.010	-752.000	4201.921
1400.000	716.000	-750.800	4198.826
1399.000	715.990	-788.300	4195.859
1398.000	715.980	-727.500	4192.894
1397.000	715.970	-819.200	4189.933
1396.000	715.960	-794.600	4186.981
1395.000	715.950	-805.600	4183.860
1394.000	715.940	-725.800	4180.897
1393.000	715.930	-757.600	4177.941
1392.000	715.920	-795.300	4174.846
1391.000	715.910	-702.400	4171.884
1390.000	715.900	-814.100	4168.925
1389.000	715.890	-776.800	4165.830
1388.000	715.880	-854.700	4162.864
1387.000	715.870	-786.800	4159.902
1386.000	715.860	-725.700	4156.946
1385.000	715.850	-721.400	4153.850
1384.000	715.840	-697.600	4150.886
1383.000	715.830	-542.000	4147.930
1382.000	715.820	-619.100	4144.834
1381.000	715.810	-629.800	4141.870
1380.000	715.800	-514.400	4138.905
1379.000	715.790	-581.100	4135.949
1378.000	715.780	-626.200	4132.853
1377.000	715.770	-575.700	4129.890
1376.000	715.760	-582.500	4126.935
1375.000	715.750	-622.800	4123.837
1374.000	715.740	-650.000	4120.876
1373.000	715.730	-540.100	4117.921
1372.000	715.720	-521.600	4114.827
1371.000	715.710	-518.300	4111.863
1370.000	715.700	-536.300	4108.899
1369.000	715.690	-556.700	4105.927
1368.000	715.680	-575.400	4102.831
1367.000	715.670	-525.900	4099.866
1366.000	715.660	-479.000	4096.907
1365.000	715.650	-461.400	4093.949
1364.000	715.640	-430.700	4090.997
1363.000	715.630	-336.800	4087.865
1362.000	715.620	-526.700	4084.904
1361.000	715.610	-485.300	4081.930
1360.000	715.600	-422.300	4078.837
1359.000	715.590	-579.200	4075.876
1358.000	715.580	-429.000	4072.914
1357.000	715.570	-424.100	4069.944
1356.000	715.560	-447.700	4066.853
1355.000	715.550	-461.500	4063.887
1354.000	715.540	-403.700	4060.932
1353.000	715.530	-361.500	4057.980
1352.000	715.520	-430.900	4054.865
1351.000	715.510	-437.300	4051.905
1350.000	715.500	-360.200	4048.948
1349.000	715.490	-349.300	4045.995
1348.000	715.480	-382.000	4042.863
1347.000	715.470	-468.600	4039.904
1346.000	715.460	-510.700	4036.936
1345.000	715.450	-516.900	4033.847
1344.000	715.440	-414.700	4030.888
1343.000	715.430	-420.200	4027.922
1342.000	715.420	-517.300	4024.837
1341.000	715.410	-496.400	4021.862
1340.000	715.400	-430.300	4018.908
1339.000	715.390	-425.600	4015.942
1338.000	715.380	-469.200	4012.855
1337.000	715.370	-558.600	4009.900
1336.000	715.360	-490.900	4006.934
1335.000	715.350	-553.500	4003.849
1334.000	715.340	-515.400	4000.894
1333.000	715.330	-465.200	3997.932
1332.000	715.320	-453.800	3994.828
1331.000	715.310	-399.900	3991.855
1330.000	715.300	-386.600	3988.900
1329.000	715.290	-445.500	3985.938
1328.000	715.280	-434.300	3982.853
1327.000	715.270	-410.400	3979.899
1326.000	715.260	-323.900	3976.935
1325.000	715.250	-348.800	3973.849
1324.000	715.240	-409.800	3970.876
1323.000	715.230	-401.200	3967.904
1322.000	715.220	-458.300	3964.945
1321.000	715.210	-412.200	3961.860
1320.000	715.200	-455.900	3958.887
1319.000	715.190	-473.500	3955.914
1318.000	715.180	-506.600	3952.953
1317.000	715.170	-419.400	3949.851
1316.000	715.160	-392.900	3946.897
1315.000	715.150	-307.000	3943.938
1314.000	715.140	-358.800	3940.835
1313.000	715.130	-340.000	3937.863
1312.000	715.120	-393.400	3934.909
1311.000	715.110	-459.200	3931.947
1310.000	715.100	-378.900	3928.863
1309.000	715.090	-507.800	3925.908
1308.000	715.080	-431.800	3922.944
1307.000	715.070	-451.100	3919.858
1306.000	715.060	-497.300	3916.904
1305.000	715.050	-454.900	3913.944
1304.000	715.040	-478.400	3910.840
1303.000	715.030	-396.800	3907.885
1302.000	715.020	-458.300	3904.914
1301.000	715.010	-344.000	3901.952
1300.000	715.000	-431.500	3898.853
1299.000	714.990	-508.600	3895.881
1298.000	714.980	-523.200	3892.908
1297.000	714.970	-572.100	3889.940
1296.000	714.960	-505.000	3886.989
1295.000	714.950	-478.700	3883.854
1294.000	714.940	-531.800	3880.900
1293.000	714.930	-399.700	3877.939
1292.000	714.920	-394.200	3874.836
1291.000	714.910	-517.700	3871.880
1290.000	714.900	-501.700	3868.918
1289.000	714.890	-508.300	3865.834
1288.000	714.880	-458.900	3862.861
1287.000	714.870	-506.400	3859.907
1286.000	714.860	-493.700	3856.945
1285.000	714.850	-474.700	3853.859
1284.000	714.840	-522.400	3850.904
1283.000	714.830	-411.700	3847.944
1282.000	714.820	-408.200	3844.857
1281.000	714.810	-505.500	3841.884
1280.000	714.800	-607.600	3838.911
1279.000	714.790	-533.400	3835.949
1278.000	714.780	-578.000	3832.846
1277.000	714.770	-562.600	3829.892
1276.000	714.760	-544.400	3826.931
1275.000	714.750	-520.600	3823.845
1274.000	714.740	-510.000	3820.889
1273.000	714.730	-552.500	3817.929
1272.000	714.720	-513.900	3814.843
1271.000	714.710	-591.300	3811.887
1270.000	714.700	-501.800	3808.924
1269.000	714.690	-574.000	3805.837
1268.000	714.680	-585.600	3802.882
1267.000	714.670	-543.800	3799.918
1266.000	714.660	-493.900	3796.832
1265.000	714.650	-559.700	3793.874
1264.000	714.640	-490.600	3790.918
1263.000	714.630	-453.100	3787.955
1262.000	714.620	-554.700	3784.867
1261.000	714.610	-613.500	3781.910
1260.000	714.600	-590.300	3778.947
1259.000	714.590	-617.200	3775.860
1258.000	714.580	-680.500	3772.905
1257.000	714.570	-588.600	3769.944
1256.000	714.560	-688.900	3766.857
1255.000	714.550	-728.600	3763.900
1254.000	714.540	-627.000	3760.938
1253.000	714.530	-674.800	3757.840
1252.000	714.520	-660.500	3755.524
1251.000	714.510	-640.100	3751.953
1250.000	714.500	-703.300	3748.867
1249.000	714.490	-764.100	3745.911
1248.000	714.480	-690.000	3742.949
1247.000	714.470	-717.500	3739.863
1246.000	714.460	-658.100	3736.908
1245.000	714.450	-648.400	3733.947
1244.000	714.440	-680.000	3730.861
1243.000	714.430	-736.400	3727.907
1242.000	714.420	-843.900	3724.945
1241.000	714.410	-850.700	3721.861
1240.000	714.400	-773.900	3718.906
1239.000	714.390	-851.300	3715.943
1238.000	714.380	-832.000	3712.858
1237.000	714.370	-787.500	3709.901
1236.000	714.360	-693.400	3706.943
1235.000	714.350	-641.200	3703.857
1234.000	714.340	-661.600	3700.902
1233.000	714.330	-701.700	3697.942
1232.000	714.320	-788.400	3694.838
1231.000	714.310	-734.700	3691.884
1230.000	714.300	-708.600	3688.911
1229.000	714.290	-825.500	3685.948
1228.000	714.280	-802.700	3682.848
1227.000	714.270	-778.200	3679.892
1226.000	714.260	-710.400	3676.931
1225.000	714.250	-650.700	3673.845
1224.000	714.240	-732.600	3670.891
1223.000	714.230	-759.300	3667.933
1222.000	714.220	-675.700	3664.847
1221.000	714.210	-754.900	3661.892
1220.000	714.200	-778.700	3658.930
1219.000	714.190	-913.000	3655.845
1218.000	714.180	-1064.600	3652.873
1217.000	714.170	-925.300	3649.919
1216.000	714.160	-878.800	3646.956
1215.000	714.150	-819.900	3643.868
1214.000	714.140	-913.200	3640.911
1213.000	714.130	-938.900	3637.947
1212.000	714.120	-865.500	3634.857
1211.000	714.110	-796.300	3631.895
1210.000	714.100	-869.600	3628.926
1209.000	714.090	-891.900	3625.833
1208.000	714.080	-709.700	3622.873
1207.000	714.070	-707.800	3619.910
1206.000	714.060	-680.300	3616.942
1205.000	714.050	-667.700	3613.851
1204.000	714.040	-838.500	3610.893
1203.000	714.030	-807.200	3607.922
1202.000	714.020	-733.700	3604.828
1201.000	714.010	-776.400	3601.868
1200.000	714.000	-822.200	3598.905
1199.000	713.990	-909.800	3595.933
1198.000	713.980	-858.300	3592.843
1197.000	713.970	-833.700	3589.881
1196.000	713.960	-814.800	3586.919
1195.000	713.950	-799.000	3583.950
1194.000	713.940	-856.100	3580.861
1193.000	713.930	-794.200	3577.899
1192.000	713.920	-706.300	3574.927
1191.000	713.910	-786.500	3571.837
1190.000	713.900	-667.400	3568.879
1189.000	713.890	-746.500	3565.921
1188.000	713.880	-788.500	3562.955
1187.000	713.870	-762.800	3559.865
1186.000	713.860	-793.100	3556.907
1185.000	713.850	-664.500	3553.942
1184.000	713.840	-741.100	3550.857
1183.000	713.830	-731.400	3547.899
1182.000	713.820	-761.400	3544.936
1181.000	713.810	-828.100	3541.851
1180.000	713.800	-960.800	3538.895
1179.000	713.790	-827.800	3535.933
1178.000	713.780	-773.700	3532.847
1177.000	713.770	-843.400	3529.890
1176.000	713.760	-824.800	3526.923
1175.000	713.750	-680.200	3523.837
1174.000	713.740	-702.100	3520.879
1173.000	713.730	-703.900	3517.921
1172.000	713.720	-797.800	3514.951
1171.000	713.710	-788.200	3511.863
1170.000	713.700	-760.000	3508.905
1169.000	713.690	-760.100	3505.949
1168.000	713.680	-668.000	3502.997
1167.000	713.670	-758.600	3499.867
1166.000	713.660	-909.400	3496.908
1165.000	713.650	-966.800	3493.940
1164.000	713.640	-928.700	3490.851
1163.000	713.630	-847.800	3487.890
1162.000	713.620	-948.700	3484.920
1161.000	713.610	-926.900	3481.833
1160.000	713.600	-942.800	3478.873
1159.000	713.590	-805.200	3475.913
1158.000	713.580	-916.900	3472.945
1157.000	713.570	-983.700	3469.850
1156.000	713.560	-896.200	3466.889
1155.000	713.550	-876.100	3463.931
1154.000	713.540	-946.000	3460.981
1153.000	713.530	-851.400	3457.865
1152.000	713.520	-970.800	3454.904
1151.000	713.510	-934.000	3451.933
1150.000	713.500	-1030.700	3448.843
1149.000	713.490	-1046.100	3445.881
1148.000	713.480	-1066.700	3442.917
1147.000	713.470	-1147.300	3439.948
1146.000	713.460	-1043.600	3436.857
1145.000	713.450	-1107.200	3433.891
1144.000	713.440	-984.500	3430.924
1143.000	713.430	-1082.800	3427.832
1142.000	713.420	-1140.900	3424.875
1141.000	713.410	-1224.500	3421.915
1140.000	713.400	-1160.200	3418.943
1139.000	713.390	-1191.200	3415.856
1138.000	713.380	-1227.300	3412.895
1137.000	713.370	-1243.000	3409.928
1136.000	713.360	-1255.500	3406.837
1135.000	713.350	-1017.200	3403.875
1134.000	713.340	-1174.900	3400.915
1133.000	713.330	-1190.700	3397.943
1132.000	713.320	-1222.700	3394.852
1131.000	713.310	-1274.200	3391.889
1130.000	713.300	-1374.600	3388.921
1129.000	713.290	-1345.000	3385.834
1128.000	713.280	-1431.900	3382.875
1127.000	713.270	-1291.500	3379.918
1126.000	713.260	-1436.600	3376.950
1125.000	713.250	-1346.800	3373.861
1124.000	713.240	-1236.200	3370.901
1123.000	713.230	-1340.200	3367.947
1122.000	713.220	-1255.900	3364.994
1121.000	713.210	-1352.300	3361.868
1120.000	713.200	-1392.400	3358.911
1119.000	713.190	-1441.900	3355.947
1118.000	713.180	-1366.300	3352.858
1117.000	713.170	-1201.800	3349.899
1116.000	713.160	-1257.400	3346.932
1115.000	713.150	-1354.700	3343.843
1114.000	713.140	-1291.700	3340.882
1113.000	713.130	-1236.600	3337.922
1112.000	713.120	-1379.200	3334.953
1111.000	713.110	-1474.700	3331.863
1110.000	713.100	-1325.900	3328.902
1109.000	713.090	-1482.700	3325.936
1108.000	713.080	-1276.800	3322.849
1107.000	713.070	-1391.100	3319.893
1106.000	713.060	-1282.800	3316.928
1105.000	713.050	-1481.100	3313.840
1104.000	713.040	-1358.500	3310.883
1103.000	713.030	-1331.000	3307.913
1102.000	713.020	-1281.700	3304.828
1101.000	713.010	-1300.600	3301.867
1100.000	713.000	-1381.700	3298.911
1099.000	712.990	-1344.600	3295.943
1098.000	712.980	-1239.500	3292.853
1097.000	712.970	-1205.900	3289.894
1096.000	712.960	-1209.200	3286.925
1095.000	712.950	-1006.600	3283.832
1094.000	712.940	-1073.000	3280.871
1093.000	712.930	-1138.900	3277.906
1092.000	712.920	-1086.900	3274.934
1091.000	712.910	-1012.600	3271.839
1090.000	712.900	-1023.500	3268.878
1089.000	712.890	-1092.900	3265.915
1088.000	712.880	-1077.300	3262.948
1087.000	712.870	-1065.600	3259.858
1086.000	712.860	-1003.000	3256.898
1085.000	712.850	-1154.400	3253.944
1084.000	712.840	-1093.400	3250.994
1083.000	712.830	-1139.000	3247.869
1082.000	712.820	-1071.100	3244.912
1081.000	712.810	-964.000	3241.943
1080.000	712.800	-954.800	3238.854
1079.000	712.790	-927.400	3235.896
1078.000	712.780	-939.800	3232.930
1077.000	712.770	-979.100	3229.842
1076.000	712.760	-1082.300	3226.881
1075.000	712.750	-1064.600	3223.922
1074.000	712.740	-1004.100	3220.953
1073.000	712.730	-895.100	3217.859
1072.000	712.720	-926.100	3214.900
1071.000	712.710	-922.000	3211.928
1070.000	712.700	-854.300	3208.839
1069.000	712.690	-745.800	3205.880
1068.000	712.680	-824.700	3202.918
1067.000	712.670	-769.100	3199.950
1066.000	712.660	-866.700	3196.858
1065.000	712.650	-751.500	3193.902
1064.000	712.640	-776.700	3190.931
1063.000	712.630	-804.400	3187.841
1062.000	712.620	-843.100	3184.882
1061.000	712.610	-775.800	3181.915
1060.000	712.600	-762.300	3178.829
1059.000	712.590	-780.200	3175.868
1058.000	712.580	-754.100	3172.910
1057.000	712.570	-677.800	3169.943
1056.000	712.560	-689.200	3166.852
1055.000	712.550	-705.000	3163.895
1054.000	712.540	-684.200	3160.926
1053.000	712.530	-694.700	3157.835
1052.000	712.520	-707.200	3154.875
1051.000	712.510	-757.400	3151.916
1050.000	712.500	-782.600	3148.946
1049.000	712.490	-742.600	3145.856
1048.000	712.480	-584.400	3142.896
1047.000	712.470	-574.500	3139.929
1046.000	712.460	-579.500	3136.838
1045.000	712.450	-535.000	3133.877
1044.000	712.440	-597.900	3130.917
1043.000	712.430	-631.000	3127.950
1042.000	712.420	-660.300	3124.859
1041.000	712.410	-648.900	3121.900
1040.000	712.400	-636.800	3118.934
1039.000	712.390	-670.400	3115.844
1038.000	712.380	-604.300	3112.889
1037.000	712.370	-632.800	3109.921
1036.000	712.360	-603.700	3106.833
1035.000	712.350	-561.100	3103.873
1034.000	712.340	-476.500	3100.911
1033.000	712.330	-461.000	3097.945
1032.000	712.320	-491.800	3094.854
1031.000	712.310	-500.500	3091.894
1030.000	712.300	-552.100	3088.928
1029.000	712.290	-563.100	3085.836
1028.000	712.280	-497.600	3082.879
1027.000	712.270	-592.100	3079.922
1026.000	712.260	-586.700	3076.952
1025.000	712.250	-497.200	3073.862
1024.000	712.240	-440.600	3070.903
1023.000	712.230	-421.900	3067.934
1022.000	712.220	-457.800	3064.846
1021.000	712.210	-482.500	3061.886
1020.000	712.200	-522.200	3058.921
1019.000	712.190	-483.500	3055.832
1018.000	712.180	-432.000	3052.874
1017.000	712.170	-430.100	3049.913
1016.000	712.160	-411.800	3046.944
1015.000	712.150	-466.600	3043.855
1014.000	712.140	-359.800	3040.896
1013.000	712.130	-384.100	3037.932
1012.000	712.120	-417.000	3034.842
1011.000	712.110	-483.600	3031.882
1010.000	712.100	-498.200	3028.921
1009.000	712.090	-477.500	3025.953
1008.000	712.080	-370.300	3022.865
1007.000	712.070	-371.700	3019.902
1006.000	712.060	-436.600	3016.948
1005.000	712.050	-429.500	3013.995
1004.000	712.040	-417.500	3010.864
1003.000	712.030	-385.400	3007.905
1002.000	712.020	-476.600	3004.946
1001.000	712.010	-437.300	3001.996
1000.000	712.000	-349.700	2998.864
999.000	711.990	-431.400	2995.907
998.000	711.980	-513.300	2992.941
997.000	711.970	-454.800	2989.850
996.000	711.960	-452.000	2986.893
995.000	711.950	-433.400	2983.926
994.000	711.940	-355.400	2980.833
993.000	711.930	-336.100	2977.876
992.000	711.920	-413.900	2974.918
991.000	711.910	-448.600	2971.950
990.000	711.900	-432.600	2968.860
989.000	711.890	-454.800	2965.902
988.000	711.880	-457.800	2962.947
987.000	711.870	-418.000	2959.996
986.000	711.860	-513.900	2956.870
985.000	711.850	-441.800	2953.912
984.000	711.840	-437.200	2950.943
983.000	711.830	-524.500	2947.859
982.000	711.820	-452.400	2944.901
981.000	711.810	-466.600	2941.946
980.000	711.800	-438.400	2938.995
979.000	711.790	-460.900	2935.866
978.000	711.780	-407.500	2932.909
977.000	711.770	-428.000	2929.939
976.000	711.760	-303.500	2926.852
975.000	711.750	-356.600	2923.891
974.000	711.740	-392.800	2920.924
973.000	711.730	-435.500	2917.837
972.000	711.720	-475.700	2914.876
971.000	711.710	-290.700	2911.919
970.000	711.700	-465.700	2908.948
969.000	711.690	-396.000	2905.856
968.000	711.680	-372.900	2902.897
967.000	711.670	-351.100	2899.926
966.000	711.660	-336.900	2896.834
965.000	711.650	-339.200	2893.873
964.000	711.640	-409.400	2890.910
963.000	711.630	-392.200	2887.939
962.000	711.620	-469.600	2884.845
961.000	711.610	-355.000	2881.882
960.000	711.600	-347.100	2878.926
959.000	711.590	-407.600	2875.833
958.000	711.580	-368.700	2872.867
957.000	711.570	-405.000	2869.905
956.000	711.560	-363.800	2866.933
955.000	711.550	-346.100	2863.840
954.000	711.540	-445.100	2860.876
953.000	711.530	-363.900	2857.912
952.000	711.520	-325.800	2854.939
951.000	711.510	-325.100	2851.847
950.000	711.500	-413.000	2848.888
949.000	711.490	-371.000	2845.920
948.000	711.480	-335.200	2842.829
947.000	711.470	-328.800	2839.869
946.000	711.460	-339.000	2836.910
945.000	711.450	-416.800	2833.944
944.000	711.440	-405.500	2830.856
943.000	711.430	-475.500	2827.900
942.000	711.420	-440.600	2824.944
941.000	711.410	-393.300	2821.993
940.000	711.400	-361.300	2818.867
939.000	711.390	-344.100	2815.912
938.000	711.380	-366.300	2812.948
937.000	711.370	-355.900	2809.860
936.000	711.360	-360.200	2806.907
935.000	711.350	-429.400	2803.940
934.000	711.340	-453.800	2800.854
933.000	711.330	-381.700	2797.895
932.000	711.320	-363.600	2794.931
931.000	711.310	-259.300	2791.845
930.000	711.300	-258.100	2788.884
929.000	711.290	-335.600	2785.919
928.000	711.280	-329.300	2782.830
927.000	711.270	-323.900	2779.874
926.000	711.260	-289.000	2776.917
925.000	711.250	-389.700	2773.948
924.000	711.240	-354.100	2770.861
923.000	711.230	-380.300	2767.902
922.000	711.220	-367.000	2764.948
921.000	711.210	-373.100	2761.996
920.000	711.200	-386.800	2758.867
919.000	711.190	-413.000	2755.908
918.000	711.180	-364.600	2752.938
917.000	711.170	-348.000	2749.850
916.000	711.160	-306.400	2746.891
915.000	711.150	-364.900	2743.921
914.000	711.140	-309.100	2740.831
913.000	711.130	-331.800	2737.867
912.000	711.120	-417.600	2734.907
911.000	711.110	-450.000	2731.951
910.000	711.100	-427.800	2728.852
909.000	711.090	-403.300	2725.893
908.000	711.080	-387.500	2722.939
907.000	711.070	-394.000	2719.847
906.000	711.060	-406.200	2716.884
905.000	711.050	-390.500	2713.922
904.000	711.040	-376.900	2710.954
903.000	711.030	-360.100	2707.862
902.000	711.020	-391.500	2704.906
901.000	711.010	-392.500	2701.937
900.000	711.000	-465.700	2698.844
899.000	710.990	-541.700	2695.883
898.000	710.980	-442.800	2692.925
897.000	710.970	-455.900	2689.953
896.000	710.960	-397.300	2686.865
895.000	710.950	-468.500	2683.904
894.000	710.940	-507.400	2680.935
893.000	710.930	-482.800	2677.844
892.000	710.920	-361.800	2674.883
891.000	710.910	-337.700	2671.922
890.000	710.900	-355.900	2668.952
889.000	710.890	-378.700	2665.859
888.000	710.880	-485.700	2662.896
887.000	710.870	-471.700	2659.937
886.000	710.860	-433.800	2656.835
885.000	710.850	-488.500	2653.874
884.000	710.840	-590.600	2650.917
883.000	710.830	-486.000	2647.948
882.000	710.820	-559.900	2644.860
881.000	710.810	-555.800	2641.905
880.000	710.800	-491.900	2638.941
879.000	710.790	-511.700	2635.856
878.000	710.780	-373.700	2632.897
877.000	710.770	-434.000	2629.931
876.000	710.760	-402.800	2626.842
875.000	710.750	-505.700	2623.884
874.000	710.740	-516.100	2620.920
873.000	710.730	-435.700	2617.830
872.000	710.720	-468.600	2614.874
871.000	710.710	-469.400	2611.912
870.000	710.700	-465.800	2608.944
869.000	710.690	-362.100	2605.853
868.000	710.680	-451.300	2602.891
867.000	710.670	-421.800	2599.934
866.000	710.660	-517.300	2596.983
865.000	710.650	-619.500	2593.867
864.000	710.640	-481.000	2590.906
863.000	710.630	-445.100	2587.948
862.000	710.620	-492.700	2584.997
861.000	710.610	-516.300	2581.865
860.000	710.600	-504.400	2578.908
859.000	710.590	-553.200	2575.938
858.000	710.580	-577.800	2572.846
857.000	710.570	-546.100	2569.884
856.000	710.560	-586.800	2566.922
855.000	710.550	-588.900	2563.952
854.000	710.540	-513.000	2560.859
853.000	710.530	-473.700	2557.897
852.000	710.520	-516.200	2554.943
851.000	710.510	-655.000	2551.894
850.000	710.500	-667.700	2548.933
849.000	710.490	-614.900	2545.984
848.000	710.480	-428.300	2542.863
847.000	710.470	-501.800	2539.902
846.000	710.460	-487.600	2536.931
845.000	710.450	-561.300	2533.840
844.000	710.440	-546.800	2530.880
843.000	710.430	-555.700	2527.918
842.000	710.420	-509.000	2524.947
841.000	710.410	-549.800	2521.854
840.000	710.400	-590.700	2518.896
839.000	710.390	-561.600	2515.926
838.000	710.380	-526.100	2512.838
837.000	710.370	-568.900	2509.877
836.000	710.360	-544.200	2506.915
835.000	710.350	-574.900	2503.945
834.000	710.340	-694.100	2500.855
833.000	710.330	-561.100	2497.893
832.000	710.320	-550.600	2494.927
831.000	710.310	-512.800	2491.838
830.000	710.300	-541.200	2488.880
829.000	710.290	-579.600	2485.921
828.000	710.280	-577.200	2482.953
827.000	710.270	-528.600	2479.865
826.000	710.260	-532.100	2476.905
825.000	710.250	-648.900	2473.950
824.000	710.240	-679.200	2470.997
823.000	710.230	-781.400	2467.870
822.000	710.220	-575.100	2464.912
821.000	710.210	-500.500	2461.942
820.000	710.200	-511.400	2458.853
819.000	710.190	-523.100	2455.891
818.000	710.180	-502.300	2452.931
817.000	710.170	-457.800	2449.980
816.000	710.160	-486.100	2446.861
815.000	710.150	-519.200	2443.900
814.000	710.140	-550.000	2440.930
813.000	710.130	-574.500	2437.836
812.000	710.120	-637.600	2434.875
811.000	710.110	-719.400	2431.913
810.000	710.100	-667.600	2428.944
809.000	710.090	-635.500	2425.851
808.000	710.080	-546.500	2422.890
807.000	710.070	-472.400	2419.921
806.000	710.060	-462.200	2416.830
805.000	710.050	-517.000	2413.874
804.000	710.040	-530.900	2410.917
803.000	710.030	-524.000	2407.949
802.000	710.020	-498.600	2404.864
801.000	710.010	-538.000	2401.905
800.000	710.000	-518.800	2398.950
799.000	709.990	-450.400	2395.998
798.000	709.980	-482.800	2392.868
797.000	709.970	-602.600	2389.908
796.000	709.960	-505.100	2386.951
795.000	709.950	-595.000	2383.998
794.000	709.940	-504.100	2380.865
793.000	709.930	-499.100	2377.905
792.000	709.920	-487.900	2374.933
791.000	709.910	-575.900	2371.840
790.000	709.900	-530.900	2368.877
789.000	709.890	-566.000	2365.914
788.000	709.880	-486.500	2362.947
787.000	709.870	-494.000	2359.855
786.000	709.860	-464.600	2356.892
785.000	709.850	-583.800	2353.924
784.000	709.840	-524.300	2350.830
783.000	709.830	-482.400	2347.870
782.000	709.820	-456.500	2344.908
781.000	709.810	-460.900	2341.939
780.000	709.800	-487.300	2338.848
779.000	709.790	-341.000	2335.890
778.000	709.780	-396.900	2332.924
777.000	709.770	-452.300	2329.835
776.000	709.760	-481.100	2326.879
775.000	709.750	-473.100	2323.921
774.000	709.740	-380.800	2320.954
773.000	709.730	-439.300	2317.865
772.000	709.720	-485.500	2314.904
771.000	709.710	-369.700	2311.938
770.000	709.700	-428.900	2308.847
769.000	709.690	-397.900	2305.887
768.000	709.680	-391.100	2302.921
767.000	709.670	-400.400	2299.834
766.000	709.660	-446.400	2296.860
765.000	709.650	-409.400	2293.905
764.000	709.640	-360.800	2290.940
763.000	709.630	-371.500	2287.855
762.000	709.620	-421.800	2284.898
761.000	709.610	-359.500	2281.932
760.000	709.600	-513.800	2278.844
759.000	709.590	-395.700	2275.885
758.000	709.580	-420.800	2272.918
757.000	709.570	-555.800	2269.830
756.000	709.560	-447.500	2266.874
755.000	709.550	-430.000	2263.916
754.000	709.540	-367.300	2260.949
753.000	709.530	-409.000	2257.862
752.000	709.520	-421.900	2254.903
751.000	709.510	-361.700	2251.935
750.000	709.500	-400.300	2248.841
749.000	709.490	-436.900	2245.879
748.000	709.480	-360.800	2242.921
747.000	709.470	-425.500	2239.950
746.000	709.460	-443.500	2236.861
745.000	709.450	-490.500	2233.902
744.000	709.440	-391.900	2230.935
743.000	709.430	-387.900	2227.847
742.000	709.420	-346.400	2224.890
741.000	709.410	-348.600	2221.924
740.000	709.400	-364.100	2218.836
739.000	709.390	-373.700	2215.874
738.000	709.380	-307.300	2212.916
737.000	709.370	-384.900	2209.943
736.000	709.360	-386.100	2206.854
735.000	709.350	-477.500	2203.893
734.000	709.340	-427.000	2200.926
733.000	709.330	-472.200	2197.837
732.000	709.320	-370.700	2194.878
731.000	709.310	-380.300	2191.918
730.000	709.300	-409.400	2188.948
729.000	709.290	-513.200	2185.857
728.000	709.280	-430.500	2182.898
727.000	709.270	-325.500	2179.929
726.000	709.260	-371.400	2176.843
725.000	709.250	-347.900	2173.883
724.000	709.240	-361.800	2170.922
723.000	709.230	-420.700	2167.835
722.000	709.220	-409.600	2164.877
721.000	709.210	-417.700	2161.916
720.000	709.200	-362.400	2158.828
719.000	709.190	-374.600	2155.873
718.000	709.180	-411.500	2152.918
717.000	709.170	-503.200	2149.951
716.000	709.160	-499.700	2146.864
715.000	709.150	-470.300	2143.907
714.000	709.140	-502.700	2140.940
713.000	709.130	-449.300	2137.853
712.000	709.120	-484.400	2134.896
711.000	709.110	-475.300	2131.932
710.000	709.100	-415.600	2128.847
709.000	709.090	-476.400	2125.892
708.000	709.080	-456.300	2122.924
707.000	709.070	-470.400	2119.834
706.000	709.060	-521.200	2116.876
705.000	709.050	-493.600	2113.918
704.000	709.040	-455.300	2110.952
703.000	709.030	-398.600	2107.864
702.000	709.020	-449.900	2104.906
701.000	709.010	-525.800	2101.945
700.000	709.000	-446.300	2098.857
699.000	708.990	-500.500	2095.902
698.000	708.980	-462.900	2092.937
697.000	708.970	-408.300	2089.849
696.000	708.960	-478.100	2086.892
695.000	708.950	-464.900	2083.922
694.000	708.940	-411.000	2080.833
693.000	708.930	-499.500	2077.869
692.000	708.920	-497.400	2074.908
691.000	708.910	-480.100	2071.939
690.000	708.900	-509.200	2068.847
689.000	708.890	-431.100	2065.887
688.000	708.880	-443.800	2062.918
687.000	708.870	-461.600	2059.828
686.000	708.860	-568.000	2056.866
685.000	708.850	-551.700	2053.903
684.000	708.840	-560.300	2050.932
683.000	708.830	-583.100	2047.840
682.000	708.820	-484.400	2044.880
681.000	708.810	-440.800	2041.921
680.000	708.800	-483.100	2038.952
679.000	708.790	-431.300	2035.860
678.000	708.780	-500.800	2032.899
677.000	708.770	-485.600	2029.930
676.000	708.760	-511.900	2026.838
675.000	708.750	-566.600	2023.875
674.000	708.740	-577.600	2020.913
673.000	708.730	-495.900	2017.942
672.000	708.720	-562.600	2014.848
671.000	708.710	-463.200	2011.887
670.000	708.700	-413.600	2008.931
669.000	708.690	-421.000	2005.838
668.000	708.680	-427.800	2002.877
667.000	708.670	-570.900	1999.915
666.000	708.660	-537.300	1996.943
665.000	708.650	-500.900	1993.851
664.000	708.640	-516.400	1990.891
663.000	708.630	-545.200	1987.931
662.000	708.620	-565.400	1984.982
661.000	708.610	-582.300	1981.865
660.000	708.600	-478.900	1978.902
659.000	708.590	-557.900	1975.930
658.000	708.580	-618.700	1972.837
657.000	708.570	-659.000	1969.874
656.000	708.560	-606.900	1966.910
655.000	708.550	-562.200	1963.935
654.000	708.540	-623.400	1960.843
653.000	708.530	-561.700	1957.880
652.000	708.520	-579.300	1954.916
651.000	708.510	-617.900	1951.943
650.000	708.500	-543.800	1948.847
649.000	708.490	-534.400	1945.885
648.000	708.480	-616.100	1942.929
647.000	708.470	-666.900	1939.839
646.000	708.460	-691.300	1936.875
645.000	708.450	-749.400	1933.914
644.000	708.440	-684.500	1930.945
643.000	708.430	-630.500	1927.854
642.000	708.420	-645.000	1924.895
641.000	708.410	-705.800	1921.925
640.000	708.400	-598.500	1918.834
639.000	708.390	-726.600	1915.874
638.000	708.380	-748.800	1912.916
637.000	708.370	-694.400	1909.952
636.000	708.360	-676.000	1906.866
635.000	708.350	-668.600	1903.910
634.000	708.340	-650.700	1900.946
633.000	708.330	-713.500	1897.854
632.000	708.320	-627.900	1894.895
631.000	708.310	-658.700	1891.927
630.000	708.300	-637.500	1888.838
629.000	708.290	-590.200	1885.879
628.000	708.280	-674.200	1882.920
627.000	708.270	-572.400	1879.953
626.000	708.260	-643.800	1876.860
625.000	708.250	-750.100	1873.903
624.000	708.240	-886.000	1870.936
623.000	708.230	-840.500	1867.849
622.000	708.220	-685.700	1864.891
621.000	708.210	-692.700	1861.923
620.000	708.200	-701.000	1858.834
619.000	708.190	-803.000	1855.876
618.000	708.180	-700.600	1852.919
617.000	708.170	-744.400	1849.952
616.000	708.160	-743.400	1846.866
615.000	708.150	-825.300	1843.910
614.000	708.140	-766.200	1840.943
613.000	708.130	-708.800	1837.857
612.000	708.120	-726.500	1834.903
611.000	708.110	-701.200	1831.938
610.000	708.100	-677.500	1828.851
609.000	708.090	-838.600	1825.896
608.000	708.080	-691.000	1822.931
607.000	708.070	-735.500	1819.847
606.000	708.060	-710.800	1816.873
605.000	708.050	-747.700	1813.918
604.000	708.040	-708.400	1810.954
603.000	708.030	-801.400	1807.865
602.000	708.020	-763.600	1804.912
601.000	708.010	-769.200	1801.948
600.000	708.000	-774.500	1798.861
599.000	707.990	-841.900	1795.906
598.000	707.980	-979.800	1792.940
597.000	707.970	-900.900	1789.853
596.000	707.960	-879.200	1786.896
595.000	707.950	-902.200	1783.934
594.000	707.940	-960.200	1780.846
593.000	707.930	-933.200	1777.889
592.000	707.920	-936.200	1774.923
591.000	707.910	-1025.000	1771.831
590.000	707.900	-879.800	1768.876
589.000	707.890	-902.700	1765.918
588.000	707.880	-1035.900	1762.952
587.000	707.870	-1035.700	1759.864
586.000	707.860	-1070.800	1756.901
585.000	707.850	-1025.700	1753.933
584.000	707.840	-1081.800	1750.839
583.000	707.830	-1043.700	1747.879
582.000	707.820	-1158.100	1744.918
581.000	707.810	-1224.500	1741.948
580.000	707.800	-1279.300	1738.856
579.000	707.790	-1143.800	1735.894
578.000	707.780	-1114.900	1732.925
577.000	707.770	-1158.000	1729.833
576.000	707.760	-1285.900	1726.869
575.000	707.750	-1088.700	1723.908
574.000	707.740	-1039.300	1720.951
573.000	707.730	-1164.500	1717.855
572.000	707.720	-1292.000	1714.892
571.000	707.710	-1250.200	1711.927
570.000	707.700	-1433.300	1708.955
569.000	707.690	-1191.700	1705.860
568.000	707.680	-1170.000	1702.898
567.000	707.670	-1248.900	1699.925
566.000	707.660	-1206.200	1696.832
565.000	707.650	-1353.700	1693.872
564.000	707.640	-1329.200	1690.911
563.000	707.630	-1277.600	1687.942
562.000	707.620	-1269.400	1684.848
561.000	707.610	-1243.200	1681.884
560.000	707.600	-1486.400	1678.924
559.000	707.590	-1533.000	1675.952
558.000	707.580	-1554.500	1672.863
557.000	707.570	-1718.300	1669.901
556.000	707.560	-1503.700	1666.947
555.000	707.550	-1561.800	1663.994
554.000	707.540	-1812.500	1660.864
553.000	707.530	-1626.100	1657.907
552.000	707.520	-1733.000	1654.938
551.000	707.510	-1670.400	1651.844
550.000	707.500	-1827.300	1648.882
549.000	707.490	-1729.200	1645.919
548.000	707.480	-1456.900	1642.950
547.000	707.470	-1629.100	1639.855
546.000	707.460	-1706.000	1636.893
545.000	707.450	-1717.300	1633.923
544.000	707.440	-1766.900	1630.830
543.000	707.430	-1887.700	1627.868
542.000	707.420	-1860.000	1624.906
541.000	707.410	-1708.500	1621.949
540.000	707.400	-1735.700	1618.997
539.000	707.390	-1803.500	1615.867
538.000	707.380	-1916.500	1612.909
537.000	707.370	-2057.700	1609.949
536.000	707.360	-2012.500	1606.999
535.000	707.350	-2022.500	1603.867
534.000	707.340	-2067.100	1600.907
533.000	707.330	-1864.300	1597.948
532.000	707.320	-1724.400	1594.996
531.000	707.310	-1788.200	1591.865
530.000	707.300	-1899.700	1588.906
529.000	707.290	-1901.800	1585.934
528.000	707.280	-1968.200	1582.841
527.000	707.270	-2137.800	1579.875
526.000	707.260	-2113.800	1576.911
525.000	707.250	-2061.200	1573.938
524.000	707.240	-2130.700	1570.839
523.000	707.230	-1886.500	1567.875
522.000	707.220	-1875.300	1564.909
521.000	707.210	-1968.600	1561.935
520.000	707.200	-2128.700	1558.840
519.000	707.190	-2008.800	1555.874
518.000	707.180	-2109.400	1552.910
517.000	707.170	-2101.300	1549.954
516.000	707.160	-2075.300	1546.856
515.000	707.150	-2013.400	1543.891
514.000	707.140	-1964.200	1540.935
513.000	707.130	-1841.300	1537.840
512.000	707.120	-1858.800	1534.872
511.000	707.110	-1898.800	1531.910
510.000	707.100	-1950.200	1528.952
509.000	707.090	-2002.100	1525.855
508.000	707.080	-1899.700	1522.892
507.000	707.070	-1751.900	1519.932
506.000	707.060	-1830.300	1516.981
505.000	707.050	-2026.700	1513.862
504.000	707.040	-1949.800	1510.895
503.000	707.030	-1765.900	1507.924
502.000	707.020	-2001.200	1504.828
501.000	707.010	-1972.800	1501.863
500.000	707.000	-1793.900	1498.897
499.000	706.990	-1920.600	1495.943
498.000	706.980	-1916.400	1492.847
497.000	706.970	-1852.900	1489.881
496.000	706.960	-1854.700	1486.928
495.000	706.950	-1754.900	1483.829
494.000	706.940	-1981.500	1480.866
493.000	706.930	-1766.500	1477.903
492.000	706.920	-1705.900	1474.928
491.000	706.910	-1505.600	1471.834
490.000	706.900	-1730.200	1468.870
489.000	706.890	-1723.800	1465.911
488.000	706.880	-1651.900	1462.955
487.000	706.870	-1689.700	1459.859
486.000	706.860	-1748.500	1456.893
485.000	706.850	-1556.500	1453.935
484.000	706.840	-1586.200	1450.844
483.000	706.830	-1504.000	1447.878
482.000	706.820	-1547.500	1444.911
481.000	706.810	-1459.300	1441.939
480.000	706.800	-1523.600	1438.844
479.000	706.790	-1598.200	1435.882
478.000	706.780	-1549.000	1432.926
477.000	706.770	-1470.000	1429.830
476.000	706.760	-1450.600	1426.866
475.000	706.750	-1476.500	1423.902
474.000	706.740	-1533.000	1420.946
473.000	706.730	-1520.200	1417.849
472.000	706.720	-1437.600	1414.881
471.000	706.710	-1411.800	1411.921
470.000	706.700	-1341.500	1408.985
469.000	706.690	-1400.100	1405.862
468.000	706.680	-1365.400	1402.894
467.000	706.670	-1337.900	1399.939
466.000	706.660	-1304.300	1396.845
465.000	706.650	-1246.500	1393.881
464.000	706.640	-1300.400	1390.922
463.000	706.630	-1294.600	1387.949
462.000	706.620	-1406.600	1384.858
461.000	706.610	-1338.600	1381.895
460.000	706.600	-1417.300	1378.925
459.000	706.590	-1348.900	1375.836
458.000	706.580	-1173.000	1372.874
457.000	706.570	-1169.500	1369.914
456.000	706.560	-1206.100	1366.943
455.000	706.550	-1130.400	1363.850
454.000	706.540	-1256.400	1360.888
453.000	706.530	-1217.100	1357.917
452.000	706.520	-1209.500	1354.831
451.000	706.510	-1205.500	1353.298
450.000	706.500	-1231.900	1348.931
449.000	706.490	-1170.300	1345.839
448.000	706.480	-1215.000	1342.874
447.000	706.470	-1195.500	1339.911
446.000	706.460	-1217.000	1336.937
445.000	706.450	-1289.600	1333.842
444.000	706.440	-1313.700	1330.879
443.000	706.430	-1364.300	1327.915
442.000	706.420	-1179.300	1324.944
441.000	706.410	-1133.600	1321.850
440.000	706.400	-1185.100	1318.885
439.000	706.390	-1107.600	1315.923
438.000	706.380	-1239.300	1312.951
437.000	706.370	-1328.300	1309.857
436.000	706.360	-1190.700	1306.896
435.000	706.350	-1115.300	1303.924
434.000	706.340	-1305.000	1300.831
433.000	706.330	-1237.400	1297.869
432.000	706.320	-1198.400	1294.909
431.000	706.310	-1127.800	1291.953
430.000	706.300	-1249.100	1288.859
429.000	706.290	-1194.500	1285.896
428.000	706.280	-1114.300	1282.939
427.000	706.270	-1062.800	1279.844
426.000	706.260	-1106.100	1276.881
425.000	706.250	-1371.300	1273.925
424.000	706.240	-1164.200	1270.831
423.000	706.230	-1269.300	1267.865
422.000	706.220	-1168.300	1264.901
421.000	706.210	-1202.900	1261.927
420.000	706.200	-1152.800	1258.833
419.000	706.190	-1131.400	1255.868
418.000	706.180	-1034.400	1252.902
417.000	706.170	-1034.900	1249.929
416.000	706.160	-1026.200	1246.834
415.000	706.150	-1182.600	1243.869
414.000	706.140	-1204.500	1240.906
413.000	706.130	-1135.000	1237.950
412.000	706.120	-1363.100	1234.856
411.000	706.110	-1183.700	1231.889
410.000	706.100	-1186.400	1228.926
409.000	706.090	-1297.800	1225.954
408.000	706.080	-1220.200	1222.860
407.000	706.070	-1257.700	1219.897
406.000	706.060	-1185.500	1216.942
405.000	706.050	-1140.200	1213.847
404.000	706.040	-1164.500	1210.883
403.000	706.030	-1139.900	1207.918
402.000	706.020	-1180.000	1204.946
401.000	706.010	-1230.600	1201.856
400.000	706.000	-1323.100	1198.897
399.000	705.990	-1334.400	1195.927
398.000	705.980	-1342.900	1192.838
397.000	705.970	-1013.100	1189.882
396.000	705.960	-1137.300	1186.922
395.000	705.950	-1183.300	1183.954
394.000	705.940	-1265.200	1180.864
393.000	705.930	-1193.100	1177.902
392.000	705.920	-1163.600	1174.937
391.000	705.910	-1236.300	1171.847
390.000	705.900	-1414.700	1168.890
389.000	705.890	-1229.900	1165.924
388.000	705.880	-1377.900	1162.832
387.000	705.870	-1390.300	1159.873
386.000	705.860	-1313.300	1156.912
385.000	705.850	-1440.600	1153.944
384.000	705.840	-1254.200	1150.854
383.000	705.830	-1216.200	1147.895
382.000	705.820	-1364.100	1144.927
381.000	705.810	-1234.400	1141.837
380.000	705.800	-1194.800	1138.880
379.000	705.790	-1190.800	1135.921
378.000	705.780	-1273.500	1132.952
377.000	705.770	-1223.100	1129.865
376.000	705.760	-1139.700	1126.906
375.000	705.750	-1391.900	1123.941
374.000	705.740	-1263.400	1120.852
373.000	705.730	-1262.800	1117.896
372.000	705.720	-1271.300	1114.931
371.000	705.710	-1343.700	1111.841
370.000	705.700	-1385.300	1108.883
369.000	705.690	-1349.900	1105.924
368.000	705.680	-1510.400	1102.954
367.000	705.670	-1505.900	1099.865
366.000	705.660	-1535.600	1096.906
365.000	705.650	-1668.900	1093.952
364.000	705.640	-1567.600	1090.998
363.000	705.630	-1409.200	1087.870
362.000	705.620	-1424.100	1084.915
361.000	705.610	-1556.700	1081.946
360.000	705.600	-1431.000	1078.859
359.000	705.590	-1509.700	1075.900
358.000	705.580	-1655.200	1072.931
357.000	705.570	-1726.600	1069.841
356.000	705.560	-1610.400	1066.878
355.000	705.550	-1528.000	1063.919
354.000	705.540	-1613.900	1060.952
353.000	705.530	-1494.200	1057.864
352.000	705.520	-1641.500	1054.905
351.000	705.510	-1749.700	1051.937
350.000	705.500	-1866.000	1048.850
349.000	705.490	-1721.200	1045.893
348.000	705.480	-1712.000	1042.927
347.000	705.470	-1646.900	1039.840
346.000	705.460	-1715.600	1036.883
345.000	705.450	-1836.900	1033.918
344.000	705.440	-2027.000	1030.830
343.000	705.430	-1785.400	1027.875
342.000	705.420	-1745.700	1024.917
341.000	705.410	-1771.100	1021.950
340.000	705.400	-1876.700	1018.861
339.000	705.390	-1965.400	1015.897
338.000	705.380	-2116.700	1012.929
337.000	705.370	-1886.300	1009.838
336.000	705.360	-1978.900	1006.877
335.000	705.350	-1931.500	1003.922
334.000	705.340	-2026.700	1000.954
333.000	705.330	-2159.300	997.865
332.000	705.320	-2071.000	994.910
331.000	705.310	-1868.700	991.942
330.000	705.300	-1954.300	988.853
329.000	705.290	-2161.700	985.893
328.000	705.280	-2279.400	982.927
327.000	705.270	-2292.000	979.835
326.000	705.260	-2357.900	976.874
325.000	705.250	-2303.100	973.913
324.000	705.240	-2230.800	970.945
323.000	705.230	-2145.400	967.856
322.000	705.220	-2206.200	964.900
321.000	705.210	-2223.900	961.936
320.000	705.200	-2347.500	958.846
319.000	705.190	-2431.800	955.887
318.000	705.180	-2495.400	952.921
317.000	705.170	-2343.900	949.828
316.000	705.160	-2397.600	946.869
315.000	705.150	-2212.500	943.911
314.000	705.140	-2291.400	940.942
313.000	705.130	-2234.200	937.852
312.000	705.120	-2215.900	934.891
311.000	705.110	-2465.800	931.924
310.000	705.100	-2466.000	928.835
309.000	705.090	-2536.400	925.876
308.000	705.080	-2532.800	922.920
307.000	705.070	-2056.200	919.950
306.000	705.060	-2147.600	916.859
305.000	705.050	-2199.800	913.904
304.000	705.040	-2310.100	910.938
303.000	705.030	-2457.500	907.852
302.000	705.020	-2482.800	904.897
301.000	705.010	-2384.200	901.935
300.000	705.000	-2280.300	898.848
299.000	704.990	-2350.800	895.892
298.000	704.980	-2307.100	892.928
297.000	704.970	-2435.400	889.842
296.000	704.960	-2344.300	886.887
295.000	704.950	-2383.700	883.922
294.000	704.940	-2309.300	880.832
293.000	704.930	-2334.600	877.878
292.000	704.920	-2343.500	874.920
291.000	704.910	-1964.100	871.954
290.000	704.900	-2164.600	868.865
289.000	704.890	-2076.200	865.906
288.000	704.880	-2205.900	862.938
287.000	704.870	-2337.700	859.848
286.000	704.860	-2440.300	856.891
285.000	704.850	-2306.000	853.925
284.000	704.840	-2206.100	850.837
283.000	704.830	-2258.700	847.882
282.000	704.820	-2126.000	844.918
281.000	704.810	-1931.900	841.832
280.000	704.800	-1948.000	838.876
279.000	704.790	-2010.700	835.919
278.000	704.780	-2223.100	832.955
277.000	704.770	-2003.000	829.864
276.000	704.760	-2049.700	826.909
275.000	704.750	-2040.400	823.945
274.000	704.740	-2040.700	820.856
273.000	704.730	-1915.500	817.902
272.000	704.720	-2029.900	814.939
271.000	704.710	-2018.100	811.852
270.000	704.700	-1909.300	808.897
269.000	704.690	-2167.000	805.933
268.000	704.680	-1945.900	802.849
267.000	704.670	-1995.900	799.892
266.000	704.660	-1914.600	796.933
265.000	704.650	-2074.300	793.847
264.000	704.640	-1794.200	790.890
263.000	704.630	-1756.900	787.930
262.000	704.620	-1623.100	784.843
261.000	704.610	-1513.800	781.888
260.000	704.600	-1681.800	778.922
259.000	704.590	-1626.500	775.835
258.000	704.580	-1838.900	772.880
257.000	704.570	-1720.300	769.917
256.000	704.560	-1627.100	766.833
255.000	704.550	-1542.400	763.876
254.000	704.540	-1433.800	760.920
253.000	704.530	-1498.600	757.950
252.000	704.520	-1537.400	754.858
251.000	704.510	-1544.600	751.900
250.000	704.500	-1726.900	748.929
249.000	704.490	-1476.400	745.841
248.000	704.480	-1330.900	742.883
247.000	704.470	-1176.700	739.917
246.000	704.460	-1223.100	736.828
245.000	704.450	-1361.300	733.868
244.000	704.440	-1322.700	730.910
243.000	704.430	-1245.200	727.940
242.000	704.420	-1242.500	724.846
241.000	704.410	-1359.900	721.883
240.000	704.400	-1409.500	718.920
239.000	704.390	-1395.600	715.950
238.000	704.380	-1489.900	712.859
237.000	704.370	-1375.900	709.899
236.000	704.360	-1350.100	706.931
235.000	704.350	-1351.600	703.840
234.000	704.340	-1314.200	700.882
233.000	704.330	-1296.900	697.921
232.000	704.320	-1286.300	694.950
231.000	704.310	-1436.900	691.860
230.000	704.300	-1383.700	688.899
229.000	704.290	-1320.100	685.932
228.000	704.280	-1278.900	682.842
227.000	704.270	-1305.300	679.883
226.000	704.260	-1281.300	676.920
225.000	704.250	-1223.700	673.831
224.000	704.240	-1248.700	670.872
223.000	704.230	-1367.800	667.913
222.000	704.220	-1311.400	664.946
221.000	704.210	-1388.400	661.860
220.000	704.200	-1143.900	658.903
219.000	704.190	-1291.900	655.938
218.000	704.180	-1216.100	652.851
217.000	704.170	-1244.100	649.896
216.000	704.160	-1034.600	646.932
215.000	704.150	-990.500	643.847
214.000	704.140	-1216.200	640.893
213.000	704.130	-1121.900	637.928
212.000	704.120	-1082.800	634.842
211.000	704.110	-1088.000	631.887
210.000	704.100	-1178.100	628.921
209.000	704.090	-1075.800	625.836
208.000	704.080	-1124.300	622.880
207.000	704.070	-1172.700	619.916
206.000	704.060	-1174.500	616.830
205.000	704.050	-1142.000	613.871
204.000	704.040	-1097.800	610.916
203.000	704.030	-1070.900	607.945
202.000	704.020	-969.000	604.993
201.000	704.010	-998.300	601.870
200.000	704.000	-940.100	598.912
199.000	703.990	-1016.700	595.947
198.000	703.980	-908.900	592.858
197.000	703.970	-1017.300	589.901
196.000	703.960	-917.700	586.946
195.000	703.950	-941.300	583.993
194.000	703.940	-810.500	580.864
193.000	703.930	-842.200	577.904
192.000	703.920	-927.500	574.937
191.000	703.910	-922.000	571.845
190.000	703.900	-924.200	568.883
189.000	703.890	-871.600	565.922
188.000	703.880	-784.700	562.950
187.000	703.870	-745.000	559.858
186.000	703.860	-831.700	556.895
185.000	703.850	-860.400	553.922
184.000	703.840	-755.200	550.831
183.000	703.830	-814.100	547.866
182.000	703.820	-866.100	544.906
181.000	703.810	-858.000	541.933
180.000	703.800	-915.800	538.843
179.000	703.790	-895.600	535.882
178.000	703.780	-837.500	532.919
177.000	703.770	-988.000	529.951
176.000	703.760	-807.700	526.861
175.000	703.750	-727.500	523.902
174.000	703.740	-800.500	520.934
173.000	703.730	-824.800	517.843
172.000	703.720	-828.600	514.881
171.000	703.710	-798.200	511.919
170.000	703.700	-776.600	508.950
169.000	703.690	-850.700	505.861
168.000	703.680	-687.400	502.899
167.000	703.670	-796.400	499.930
166.000	703.660	-868.600	496.838
165.000	703.650	-864.300	493.878
164.000	703.640	-826.100	490.920
163.000	703.630	-730.600	487.951
162.000	703.620	-796.700	484.862
161.000	703.610	-758.800	481.904
160.000	703.600	-878.400	478.937
159.000	703.590	-840.800	475.849
158.000	703.580	-784.700	472.889
157.000	703.570	-937.400	469.924
156.000	703.560	-853.000	466.837
155.000	703.550	-888.000	463.878
154.000	703.540	-848.100	460.919
153.000	703.530	-842.000	457.950
152.000	703.520	-821.800	454.861
151.000	703.510	-783.500	451.899
150.000	703.500	-734.000	448.930
149.000	703.490	-773.100	445.839
148.000	703.480	-771.400	442.880
147.000	703.470	-941.600	439.921
146.000	703.460	-868.000	436.951
145.000	703.450	-865.000	433.864
144.000	703.440	-849.500	430.907
143.000	703.430	-813.500	427.938
142.000	703.420	-817.800	424.852
141.000	703.410	-767.200	421.893
140.000	703.400	-734.500	418.926
139.000	703.390	-740.000	415.836
138.000	703.380	-788.100	412.877
137.000	703.370	-683.900	409.919
136.000	703.360	-793.100	406.948
135.000	703.350	-677.200	403.860
134.000	703.340	-773.800	400.901
133.000	703.330	-798.100	397.933
132.000	703.320	-800.100	394.846
131.000	703.310	-675.300	391.883
130.000	703.300	-726.700	388.923
129.000	703.290	-649.000	385.952
128.000	703.280	-725.200	382.859
127.000	703.270	-756.300	379.896
126.000	703.260	-761.900	376.925
125.000	703.250	-789.800	373.835
124.000	703.240	-770.700	370.874
123.000	703.230	-818.800	367.914
122.000	703.220	-829.500	364.941
121.000	703.210	-864.500	361.847
120.000	703.200	-830.400	358.886
119.000	703.190	-823.700	355.930
118.000	703.180	-777.000	352.843
117.000	703.170	-795.600	349.881
116.000	703.160	-714.200	346.919
115.000	703.150	-774.900	343.947
114.000	703.140	-710.000	340.850
113.000	703.130	-795.800	337.886
112.000	703.120	-745.100	334.931
111.000	703.110	-822.000	331.834
110.000	703.100	-937.100	328.870
109.000	703.090	-754.500	325.904
108.000	703.080	-687.300	322.946
107.000	703.070	-775.500	319.849
106.000	703.060	-717.900	316.884
105.000	703.050	-795.300	313.927
104.000	703.040	-880.800	310.833
103.000	703.030	-954.000	307.870
102.000	703.020	-844.300	304.903
101.000	703.010	-956.300	301.931
100.000	703.000	-1016.200	298.839
99.000	702.990	-1065.500	295.874
98.000	702.980	-992.300	292.911
97.000	702.970	-1015.700	289.941
96.000	702.960	-914.400	286.845
95.000	702.950	-955.800	283.884
94.000	702.940	-920.900	280.920
93.000	702.930	-933.200	277.950
92.000	702.920	-925.800	274.857
91.000	702.910	-860.900	271.896
90.000	702.900	-1010.800	268.926
89.000	702.890	-889.900	265.833
88.000	702.880	-961.600	262.872
87.000	702.870	-846.000	259.907
86.000	702.860	-936.500	256.953
85.000	702.850	-896.900	253.998
84.000	702.840	-903.700	250.864
83.000	702.830	-1056.400	247.903
82.000	702.820	-1031.800	244.935
81.000	702.810	-1061.700	241.845
80.000	702.800	-1060.200	238.887
79.000	702.790	-1099.000	235.917
78.000	702.780	-1156.300	232.828
77.000	702.770	-1100.100	229.868
76.000	702.760	-1051.100	226.907
75.000	702.750	-910.800	223.951
74.000	702.740	-940.300	220.998
73.000	702.730	-936.000	217.866
72.000	702.720	-811.000	214.904
71.000	702.710	-909.500	211.933
70.000	702.700	-975.800	208.843
69.000	702.690	-934.000	205.880
68.000	702.680	-992.300	202.920
67.000	702.670	-1007.700	199.949
66.000	702.660	-991.500	196.856
65.000	702.650	-955.200	193.896
64.000	702.640	-993.300	190.925
63.000	702.630	-908.600	187.836
62.000	702.620	-1009.600	184.877
61.000	702.610	-955.700	181.916
60.000	702.600	-1061.400	178.948
59.000	702.590	-942.200	175.858
58.000	702.580	-1014.100	172.899
57.000	702.570	-887.100	169.927
56.000	702.560	-950.100	166.836
55.000	702.550	-860.000	163.872
54.000	702.540	-923.500	160.911
53.000	702.530	-820.500	157.942
52.000	702.520	-914.900	154.840
51.000	702.510	-876.500	152.007
50.000	702.500	-826.600	148.830
49.000	702.490	-820.400	145.865
48.000	702.480	-810.400	142.904
47.000	702.470	-732.900	139.931
46.000	702.460	-726.500	136.839
45.000	702.450	-747.900	133.876
44.000	702.440	-714.500	130.917
43.000	702.430	-805.300	127.982
42.000	702.420	-730.700	124.862
41.000	702.410	-799.700	121.900
40.000	702.400	-814.100	118.943
39.000	702.390	-810.800	115.851
38.000	702.380	-1001.900	112.886
37.000	702.370	-1008.200	109.922
36.000	702.360	-794.500	106.950
35.000	702.350	-741.500	103.855
34.000	702.340	-792.400	100.893
33.000	702.330	-809.700	97.933
32.000	702.320	-678.400	94.981
31.000	702.310	-883.100	91.862
30.000	702.300	-797.500	88.899
29.000	702.290	-695.500	85.942
28.000	702.280	-796.900	82.847
27.000	702.270	-709.600	79.882
26.000	702.260	-570.800	76.927
25.000	702.250	-629.700	73.832
24.000	702.240	-709.100	70.867
23.000	702.230	-669.400	67.904
22.000	702.220	-648.200	64.949
21.000	702.210	-685.400	61.855
20.000	702.200	-644.200	58.891
19.000	702.190	-601.600	55.937
18.000	702.180	-657.400	52.842
17.000	702.170	-785.300	49.875
16.000	702.160	-716.900	46.911
15.000	702.150	-759.400	43.955
14.000	702.140	-675.600	40.858
13.000	702.130	-632.300	37.895
12.000	702.120	-633.400	34.934
11.000	702.110	-677.200	31.982
10.000	702.100	-693.300	28.864
9.000	702.090	-622.500	25.901
8.000	702.080	-684.600	22.928
7.000	702.070	-696.400	19.832
6.000	702.060	-722.300	16.870
5.000	702.050	-649.100	13.908
4.000	702.040	-657.600	10.938
3.000	702.030	-651.400	7.846
2.000	702.020	-698.400	4.885
1.000	702.010	-716.300	1.920
0.000	702.000	-677.100	0.000
0.000	0.00000	0.000000	0.000