0.000	690.000	-871.100	0.000
1.000	689.990	-862.300	0.860
2.000	689.980	-860.500	3.865
3.000	689.970	-909.100	6.869
4.000	689.960	-908.200	9.875
5.000	689.950	-897.400	12.877
6.000	689.940	-889.400	15.883
7.000	689.930	-852.900	18.887
8.000	689.920	-801.400	21.892
9.000	689.910	-811.100	24.896
10.000	689.900	-818.600	27.900
11.000	689.890	-849.100	30.904
12.000	689.880	-861.900	33.908
13.000	689.870	-873.800	36.912
14.000	689.860	-883.500	39.917
15.000	689.850	-902.600	42.922
16.000	689.840	-915.200	45.927
17.000	689.830	-914.500	48.788
18.000	689.820	-921.100	51.793
19.000	689.810	-923.400	54.799
20.000	689.800	-917.300	57.804
21.000	689.790	-893.400	60.810
22.000	689.780	-875.100	63.815
23.000	689.770	-886.300	66.821
24.000	689.760	-889.600	69.825
25.000	689.750	-870.900	72.830
26.000	689.740	-872.400	75.834
27.000	689.730	-870.800	78.839
28.000	689.720	-881.600	81.843
29.000	689.710	-859.100	84.846
30.000	689.700	-868.500	87.850
31.000	689.690	-845.900	90.854
32.000	689.680	-848.700	93.857
33.000	689.670	-854.700	96.861
34.000	689.660	-834.300	99.864
35.000	689.650	-849.400	102.870
36.000	689.640	-844.200	105.873
37.000	689.630	-869.800	108.877
38.000	689.620	-858.300	111.882
39.000	689.610	-840.800	114.887
40.000	689.600	-836.700	117.891
41.000	689.590	-843.500	120.895
42.000	689.580	-815.700	123.899
43.000	689.570	-831.600	126.903
44.000	689.560	-874.000	129.907
45.000	689.550	-881.600	132.911
46.000	689.540	-896.700	135.917
47.000	689.530	-874.200	138.922
48.000	689.520	-886.000	141.927
49.000	689.510	-878.900	144.788
50.000	689.500	-915.600	147.792
51.000	689.490	-924.800	150.796
52.000	689.480	-932.500	153.799
53.000	689.470	-921.800	156.805
54.000	689.460	-922.200	159.809
55.000	689.450	-926.200	162.812
56.000	689.440	-908.300	165.817
57.000	689.430	-889.700	168.822
58.000	689.420	-886.900	171.828
59.000	689.410	-902.100	174.833
60.000	689.400	-885.800	177.838
61.000	689.390	-892.700	180.842
62.000	689.380	-888.000	183.847
63.000	689.370	-881.200	186.852
64.000	689.360	-911.700	189.856
65.000	689.350	-911.400	192.861
66.000	689.340	-923.900	195.866
67.000	689.330	-941.600	198.871
68.000	689.320	-919.300	201.876
69.000	689.310	-932.300	204.879
70.000	689.300	-960.600	207.885
71.000	689.290	-951.000	210.889
72.000	689.280	-932.200	213.894
73.000	689.270	-899.900	216.899
74.000	689.260	-884.600	219.902
75.000	689.250	-903.200	222.905
76.000	689.240	-913.800	225.910
77.000	689.230	-895.100	228.916
78.000	689.220	-911.500	231.921
79.000	689.210	-911.900	234.925
80.000	689.200	-923.300	237.788
81.000	689.190	-913.300	240.793
82.000	689.180	-878.900	243.798
83.000	689.170	-867.800	246.802
84.000	689.160	-911.300	249.805
85.000	689.150	-917.000	252.808
86.000	689.140	-899.200	255.811
87.000	689.130	-872.800	258.816
88.000	689.120	-908.800	261.821
89.000	689.110	-906.100	264.824
90.000	689.100	-893.800	267.827
91.000	689.090	-899.400	270.831
92.000	689.080	-934.700	273.835
93.000	689.070	-980.800	276.839
94.000	689.060	-973.300	279.843
95.000	689.050	-971.400	282.849
96.000	689.040	-950.600	285.853
97.000	689.030	-937.000	288.858
98.000	689.020	-912.000	291.862
99.000	689.010	-922.900	294.866
100.000	689.000	-894.500	297.871
101.000	688.990	-892.600	300.874
102.000	688.980	-893.100	303.879
103.000	688.970	-905.500	306.884
104.000	688.960	-903.500	309.887
105.000	688.950	-922.800	312.891
106.000	688.940	-925.500	315.895
107.000	688.930	-931.300	318.901
108.000	688.920	-926.200	321.906
109.000	688.910	-929.500	324.911
110.000	688.900	-912.100	327.915
111.000	688.890	-899.100	330.919
112.000	688.880	-897.400	333.923
113.000	688.870	-902.300	336.927
114.000	688.860	-889.800	339.788
115.000	688.850	-884.900	342.794
116.000	688.840	-876.300	345.797
117.000	688.830	-867.700	348.801
118.000	688.820	-861.400	351.805
119.000	688.810	-899.300	354.810
120.000	688.800	-905.300	357.816
121.000	688.790	-902.300	360.821
122.000	688.780	-890.000	363.827
123.000	688.770	-900.800	366.830
124.000	688.760	-910.000	369.835
125.000	688.750	-911.100	372.840
126.000	688.740	-890.200	375.844
127.000	688.730	-895.600	378.850
128.000	688.720	-905.200	381.853
129.000	688.710	-901.400	384.857
130.000	688.700	-881.300	387.860
131.000	688.690	-872.000	390.863
132.000	688.680	-864.400	393.869
133.000	688.670	-865.300	396.873
134.000	688.660	-852.500	399.877
135.000	688.650	-839.000	402.882
136.000	688.640	-858.100	405.884
137.000	688.630	-887.200	408.887
138.000	688.620	-891.500	411.891
139.000	688.610	-863.800	414.895
140.000	688.600	-844.000	417.899
141.000	688.590	-805.900	420.901
142.000	688.580	-807.200	423.905
143.000	688.570	-800.400	426.907
144.000	688.560	-812.100	429.912
145.000	688.550	-825.700	432.915
146.000	688.540	-823.600	435.920
147.000	688.530	-804.400	438.782
148.000	688.520	-815.700	441.786
149.000	688.510	-791.800	444.792
150.000	688.500	-775.300	447.799
151.000	688.490	-797.600	450.803
152.000	688.480	-796.900	453.808
153.000	688.470	-811.300	456.812
154.000	688.460	-788.300	459.817
155.000	688.450	-794.600	462.821
156.000	688.440	-764.000	465.826
157.000	688.430	-775.300	468.831
158.000	688.420	-780.000	471.835
159.000	688.410	-782.400	474.840
160.000	688.400	-801.800	477.845
161.000	688.390	-820.300	480.850
162.000	688.380	-783.900	483.854
163.000	688.370	-775.200	486.858
164.000	688.360	-778.000	489.863
165.000	688.350	-767.400	492.867
166.000	688.340	-754.200	495.871
167.000	688.330	-730.900	498.876
168.000	688.320	-741.500	501.880
169.000	688.310	-744.300	504.885
170.000	688.300	-741.100	507.890
171.000	688.290	-786.600	510.893
172.000	688.280	-797.800	513.897
173.000	688.270	-787.600	516.903
174.000	688.260	-792.600	519.907
175.000	688.250	-818.100	522.912
176.000	688.240	-802.300	525.916
177.000	688.230	-805.300	528.921
178.000	688.220	-790.400	531.925
179.000	688.210	-814.700	534.788
180.000	688.200	-806.300	537.792
181.000	688.190	-782.200	540.797
182.000	688.180	-780.900	543.801
183.000	688.170	-787.700	546.805
184.000	688.160	-779.100	549.811
185.000	688.150	-775.900	552.816
186.000	688.140	-752.800	555.821
187.000	688.130	-756.000	558.827
188.000	688.120	-767.000	561.832
189.000	688.110	-750.000	564.836
190.000	688.100	-717.800	567.840
191.000	688.090	-721.000	570.845
192.000	688.080	-693.800	573.850
193.000	688.070	-687.200	576.854
194.000	688.060	-688.500	579.859
195.000	688.050	-693.500	582.863
196.000	688.040	-687.000	585.869
197.000	688.030	-690.200	588.874
198.000	688.020	-739.500	591.878
199.000	688.010	-736.000	594.882
200.000	688.000	-750.200	597.886
201.000	687.990	-768.200	600.891
202.000	687.980	-760.100	603.897
203.000	687.970	-747.100	606.900
204.000	687.960	-721.600	609.904
205.000	687.950	-712.800	612.908
206.000	687.940	-718.500	615.912
207.000	687.930	-721.000	618.916
208.000	687.920	-738.300	621.921
209.000	687.910	-734.900	624.925
210.000	687.900	-727.300	627.786
211.000	687.890	-727.500	630.790
212.000	687.880	-705.900	633.794
213.000	687.870	-709.900	636.798
214.000	687.860	-699.900	639.804
215.000	687.850	-719.900	642.807
216.000	687.840	-722.100	645.811
217.000	687.830	-726.700	648.816
218.000	687.820	-730.300	651.821
219.000	687.810	-734.500	654.826
220.000	687.800	-720.800	657.831
221.000	687.790	-723.000	660.835
222.000	687.780	-724.200	663.841
223.000	687.770	-723.700	666.866
224.000	687.760	-728.000	669.871
225.000	687.750	-743.400	672.874
226.000	687.740	-746.700	675.880
227.000	687.730	-734.800	678.886
228.000	687.720	-748.600	681.892
229.000	687.710	-754.100	684.897
230.000	687.700	-741.600	687.901
231.000	687.690	-768.300	690.906
232.000	687.680	-757.000	693.910
233.000	687.670	-749.800	696.915
234.000	687.660	-729.800	699.921
235.000	687.650	-736.100	702.924
236.000	687.640	-726.900	705.787
237.000	687.630	-696.800	708.792
238.000	687.620	-688.400	711.798
239.000	687.610	-689.200	714.802
240.000	687.600	-691.500	717.806
241.000	687.590	-718.000	720.810
242.000	687.580	-728.200	723.813
243.000	687.570	-704.400	726.818
244.000	687.560	-718.300	729.823
245.000	687.550	-704.300	732.827
246.000	687.540	-711.300	735.831
247.000	687.530	-722.700	738.835
248.000	687.520	-708.500	741.839
249.000	687.510	-713.200	744.844
250.000	687.500	-706.300	747.847
251.000	687.490	-713.100	750.852
252.000	687.480	-726.900	753.855
253.000	687.470	-769.700	756.861
254.000	687.460	-749.000	759.865
255.000	687.450	-737.900	762.869
256.000	687.440	-753.000	765.873
257.000	687.430	-749.700	768.877
258.000	687.420	-752.600	771.880
259.000	687.410	-761.500	774.885
260.000	687.400	-766.700	777.888
261.000	687.390	-765.000	780.894
262.000	687.380	-762.200	783.898
263.000	687.370	-774.000	786.901
264.000	687.360	-766.300	789.906
265.000	687.350	-774.400	792.910
266.000	687.340	-791.100	795.915
267.000	687.330	-788.500	798.919
268.000	687.320	-769.000	801.924
269.000	687.310	-770.400	804.928
270.000	687.300	-777.200	807.788
271.000	687.290	-776.200	810.792
272.000	687.280	-748.800	813.798
273.000	687.270	-774.400	816.802
274.000	687.260	-766.400	819.807
275.000	687.250	-790.700	822.810
276.000	687.240	-801.700	825.813
277.000	687.230	-813.500	828.817
278.000	687.220	-810.200	831.823
279.000	687.210	-824.900	834.828
280.000	687.200	-820.900	837.833
281.000	687.190	-815.900	840.838
282.000	687.180	-806.600	843.842
283.000	687.170	-812.300	846.846
284.000	687.160	-833.300	849.851
285.000	687.150	-842.300	852.855
286.000	687.140	-849.500	855.859
287.000	687.130	-839.100	858.863
288.000	687.120	-818.700	861.867
289.000	687.110	-809.300	864.872
290.000	687.100	-795.200	867.876
291.000	687.090	-788.500	870.880
292.000	687.080	-784.500	873.883
293.000	687.070	-776.200	876.888
294.000	687.060	-812.200	879.892
295.000	687.050	-863.600	882.896
296.000	687.040	-880.800	885.902
297.000	687.030	-874.000	888.906
298.000	687.020	-858.000	891.908
299.000	687.010	-832.000	894.911
300.000	687.000	-832.500	897.917
301.000	686.990	-826.600	900.923
302.000	686.980	-807.500	903.785
303.000	686.970	-768.500	906.791
304.000	686.960	-760.900	909.796
305.000	686.950	-757.600	912.800
306.000	686.940	-757.200	915.804
307.000	686.930	-748.600	918.809
308.000	686.920	-772.300	921.814
309.000	686.910	-792.100	924.817
310.000	686.900	-796.400	929.599
311.000	686.890	-789.100	930.894
312.000	686.880	-787.100	933.898
313.000	686.870	-789.700	936.902
314.000	686.860	-769.300	939.905
315.000	686.850	-795.600	942.909
316.000	686.840	-803.100	945.913
317.000	686.830	-819.100	948.917
318.000	686.820	-820.200	951.920
319.000	686.810	-814.800	954.924
320.000	686.800	-812.600	957.785
321.000	686.790	-810.100	960.790
322.000	686.780	-784.900	963.794
323.000	686.770	-824.200	966.799
324.000	686.760	-825.900	969.802
325.000	686.750	-816.800	972.807
326.000	686.740	-817.300	975.811
327.000	686.730	-812.600	978.814
328.000	686.720	-803.200	981.817
329.000	686.710	-805.600	984.820
330.000	686.700	-808.400	987.824
331.000	686.690	-789.900	990.826
332.000	686.680	-782.900	993.831
333.000	686.670	-777.200	996.835
334.000	686.660	-763.800	999.839
335.000	686.650	-744.500	1002.844
336.000	686.640	-732.400	1005.848
337.000	686.630	-749.300	1008.852
338.000	686.620	-710.800	1011.856
339.000	686.610	-682.000	1014.861
340.000	686.600	-678.600	1017.866
341.000	686.590	-701.300	1020.869
342.000	686.580	-705.100	1023.874
343.000	686.570	-697.200	1026.878
344.000	686.560	-699.800	1029.881
345.000	686.550	-683.900	1032.887
346.000	686.540	-682.000	1035.891
347.000	686.530	-671.100	1038.896
348.000	686.520	-675.300	1041.901
349.000	686.510	-677.100	1044.904
350.000	686.500	-687.400	1047.908
351.000	686.490	-702.900	1050.912
352.000	686.480	-681.100	1053.916
353.000	686.470	-686.300	1056.921
354.000	686.460	-685.000	1059.924
355.000	686.450	-700.700	1062.786
356.000	686.440	-694.100	1065.790
357.000	686.430	-684.600	1068.794
358.000	686.420	-650.700	1071.860
359.000	686.410	-659.100	1074.864
360.000	686.400	-648.000	1077.869
361.000	686.390	-646.900	1080.874
362.000	686.380	-667.000	1083.878
363.000	686.370	-673.300	1086.882
364.000	686.360	-673.600	1089.886
365.000	686.350	-679.000	1092.890
366.000	686.340	-645.800	1095.894
367.000	686.330	-646.000	1098.898
368.000	686.320	-624.300	1101.902
369.000	686.310	-620.200	1104.905
370.000	686.300	-616.100	1107.909
371.000	686.290	-593.900	1110.914
372.000	686.280	-596.300	1113.919
373.000	686.270	-594.000	1116.923
374.000	686.260	-588.900	1119.926
375.000	686.250	-586.400	1122.786
376.000	686.240	-611.200	1125.791
377.000	686.230	-629.600	1128.796
378.000	686.220	-625.700	1131.800
379.000	686.210	-623.600	1134.803
380.000	686.200	-602.300	1137.806
381.000	686.190	-604.600	1140.808
382.000	686.180	-611.500	1143.813
383.000	686.170	-617.000	1146.817
384.000	686.160	-640.600	1149.821
385.000	686.150	-621.000	1152.824
386.000	686.140	-617.900	1155.828
387.000	686.130	-622.800	1158.833
388.000	686.120	-618.100	1161.835
389.000	686.110	-634.400	1164.841
390.000	686.100	-640.300	1167.846
391.000	686.090	-616.900	1170.851
392.000	686.080	-614.600	1173.855
393.000	686.070	-620.000	1176.860
394.000	686.060	-627.900	1179.865
395.000	686.050	-626.300	1182.871
396.000	686.040	-641.600	1185.872
397.000	686.030	-651.700	1188.876
398.000	686.020	-646.800	1191.879
399.000	686.010	-651.600	1194.884
400.000	686.000	-664.900	1197.889
401.000	685.990	-654.100	1200.893
402.000	685.980	-655.000	1203.897
403.000	685.970	-638.300	1206.901
404.000	685.960	-661.200	1209.905
405.000	685.950	-672.200	1212.909
406.000	685.940	-625.800	1215.913
407.000	685.930	-616.600	1218.918
408.000	685.920	-600.900	1221.922
409.000	685.910	-627.000	1224.783
410.000	685.900	-640.800	1227.787
411.000	685.890	-668.200	1230.790
412.000	685.880	-665.200	1233.795
413.000	685.870	-677.000	1236.799
414.000	685.860	-677.700	1239.804
415.000	685.850	-657.400	1242.809
416.000	685.840	-649.700	1245.814
417.000	685.830	-663.200	1248.819
418.000	685.820	-664.200	1251.823
419.000	685.810	-668.200	1254.828
420.000	685.800	-664.800	1257.834
421.000	685.790	-656.200	1260.839
422.000	685.780	-620.400	1263.844
423.000	685.770	-624.800	1266.849
424.000	685.760	-626.100	1269.854
425.000	685.750	-656.100	1272.859
426.000	685.740	-675.200	1275.862
427.000	685.730	-671.100	1278.866
428.000	685.720	-686.800	1281.868
429.000	685.710	-674.000	1284.872
430.000	685.700	-690.300	1287.878
431.000	685.690	-677.000	1290.882
432.000	685.680	-666.200	1293.885
433.000	685.670	-674.800	1296.887
434.000	685.660	-695.400	1299.891
435.000	685.650	-697.700	1302.897
436.000	685.640	-690.600	1305.902
437.000	685.630	-693.600	1308.907
438.000	685.620	-670.800	1311.909
439.000	685.610	-678.500	1314.913
440.000	685.600	-665.500	1317.918
441.000	685.590	-680.200	1320.922
442.000	685.580	-692.800	1323.927
443.000	685.570	-693.100	1326.787
444.000	685.560	-680.400	1329.791
445.000	685.550	-698.800	1332.793
446.000	685.540	-715.800	1335.798
447.000	685.530	-736.600	1338.803
448.000	685.520	-722.200	1341.808
449.000	685.510	-712.500	1344.812
450.000	685.500	-711.500	1347.817
451.000	685.490	-729.700	1350.821
452.000	685.480	-715.400	1353.825
453.000	685.470	-725.300	1356.829
454.000	685.460	-738.300	1359.835
455.000	685.450	-727.800	1362.840
456.000	685.440	-723.700	1365.844
457.000	685.430	-743.000	1368.848
458.000	685.420	-734.800	1371.852
459.000	685.410	-745.800	1374.858
460.000	685.400	-742.600	1377.863
461.000	685.390	-742.200	1380.868
462.000	685.380	-737.800	1383.872
463.000	685.370	-743.800	1386.876
464.000	685.360	-745.600	1389.880
465.000	685.350	-742.500	1392.886
466.000	685.340	-753.300	1395.891
467.000	685.330	-748.200	1398.896
468.000	685.320	-747.800	1401.899
469.000	685.310	-745.900	1404.904
470.000	685.300	-736.200	1407.908
471.000	685.290	-723.000	1410.913
472.000	685.280	-715.100	1413.916
473.000	685.270	-706.700	1416.920
474.000	685.260	-718.000	1419.924
475.000	685.250	-723.300	1422.927
476.000	685.240	-737.100	1425.789
477.000	685.230	-719.500	1428.794
478.000	685.220	-729.000	1431.797
479.000	685.210	-733.500	1434.802
480.000	685.200	-741.200	1437.805
481.000	685.190	-743.200	1440.810
482.000	685.180	-759.500	1443.816
483.000	685.170	-742.600	1446.819
484.000	685.160	-739.300	1449.823
485.000	685.150	-741.500	1452.826
486.000	685.140	-731.400	1455.831
487.000	685.130	-750.400	1458.835
488.000	685.120	-724.600	1461.840
489.000	685.110	-705.000	1464.843
490.000	685.100	-693.100	1467.847
491.000	685.090	-709.200	1470.851
492.000	685.080	-703.500	1473.854
493.000	685.070	-687.100	1476.858
494.000	685.060	-702.300	1479.863
495.000	685.050	-695.300	1482.867
496.000	685.040	-702.900	1485.871
497.000	685.030	-729.000	1488.875
498.000	685.020	-744.800	1491.878
499.000	685.010	-752.800	1494.883
500.000	685.000	-729.300	1497.886
501.000	684.990	-693.200	1500.890
502.000	684.980	-704.700	1503.892
503.000	684.970	-713.900	1506.897
504.000	684.960	-728.300	1509.900
505.000	684.950	-713.600	1512.904
506.000	684.940	-693.600	1515.907
507.000	684.930	-681.400	1518.909
508.000	684.920	-683.100	1521.912
509.000	684.910	-698.300	1524.915
510.000	684.900	-689.500	1527.918
511.000	684.890	-709.300	1530.923
512.000	684.880	-709.200	1533.785
513.000	684.870	-733.600	1536.789
514.000	684.860	-725.400	1539.793
515.000	684.850	-712.800	1542.796
516.000	684.840	-717.800	1545.799
517.000	684.830	-758.100	1548.803
518.000	684.820	-771.100	1551.807
519.000	684.810	-793.700	1554.812
520.000	684.800	-786.000	1557.816
521.000	684.790	-785.600	1560.820
522.000	684.780	-785.400	1563.823
523.000	684.770	-802.500	1566.828
524.000	684.760	-796.000	1569.832
525.000	684.750	-818.600	1572.835
526.000	684.740	-820.000	1575.838
527.000	684.730	-815.200	1578.841
528.000	684.720	-814.600	1581.845
529.000	684.710	-808.700	1584.851
530.000	684.700	-796.700	1587.854
531.000	684.690	-793.700	1590.858
532.000	684.680	-786.500	1593.862
533.000	684.670	-802.900	1596.867
534.000	684.660	-827.300	1599.873
535.000	684.650	-832.300	1602.876
536.000	684.640	-826.100	1605.880
537.000	684.630	-830.700	1608.883
538.000	684.620	-832.300	1611.889
539.000	684.610	-844.300	1614.894
540.000	684.600	-818.000	1617.900
541.000	684.590	-822.400	1620.905
542.000	684.580	-827.500	1623.909
543.000	684.570	-822.300	1626.915
544.000	684.560	-806.400	1629.921
545.000	684.550	-800.000	1632.924
546.000	684.540	-799.800	1635.788
547.000	684.530	-790.700	1638.791
548.000	684.520	-796.700	1641.796
549.000	684.510	-813.300	1644.799
550.000	684.500	-819.900	1647.804
551.000	684.490	-806.300	1650.808
552.000	684.480	-796.200	1653.812
553.000	684.470	-797.100	1656.817
554.000	684.460	-790.200	1659.821
555.000	684.450	-821.900	1662.825
556.000	684.440	-814.700	1665.829
557.000	684.430	-796.300	1668.833
558.000	684.420	-790.900	1671.838
559.000	684.410	-788.100	1674.842
560.000	684.400	-800.300	1677.847
561.000	684.390	-803.100	1680.852
562.000	684.380	-781.300	1683.856
563.000	684.370	-783.600	1686.860
564.000	684.360	-801.900	1689.866
565.000	684.350	-797.100	1692.870
566.000	684.340	-787.200	1695.874
567.000	684.330	-795.700	1698.878
568.000	684.320	-799.000	1701.883
569.000	684.310	-786.800	1704.888
570.000	684.300	-807.900	1707.892
571.000	684.290	-797.300	1710.895
572.000	684.280	-788.900	1713.897
573.000	684.270	-790.700	1716.901
574.000	684.260	-818.800	1719.905
575.000	684.250	-818.500	1722.910
576.000	684.240	-806.200	1725.913
577.000	684.230	-800.600	1728.918
578.000	684.220	-796.500	1731.922
579.000	684.210	-794.800	1734.783
580.000	684.200	-796.200	1737.788
581.000	684.190	-790.300	1740.794
582.000	684.180	-782.500	1743.798
583.000	684.170	-779.400	1746.803
584.000	684.160	-755.600	1749.807
585.000	684.150	-780.600	1752.811
586.000	684.140	-800.100	1755.815
587.000	684.130	-800.300	1758.819
588.000	684.120	-771.900	1761.823
589.000	684.110	-761.200	1764.825
590.000	684.100	-744.300	1767.828
591.000	684.090	-780.000	1770.831
592.000	684.080	-787.000	1773.835
593.000	684.070	-780.800	1776.839
594.000	684.060	-754.400	1779.842
595.000	684.050	-764.500	1782.845
596.000	684.040	-769.100	1785.850
597.000	684.030	-775.100	1788.854
598.000	684.020	-771.000	1791.859
599.000	684.010	-772.400	1794.863
600.000	684.000	-769.700	1797.868
601.000	683.990	-766.800	1800.871
602.000	683.980	-782.300	1803.875
603.000	683.970	-786.700	1806.878
604.000	683.960	-754.600	1809.882
605.000	683.950	-741.300	1812.887
606.000	683.940	-723.900	1815.891
607.000	683.930	-720.200	1818.895
608.000	683.920	-767.400	1821.899
609.000	683.910	-788.600	1824.902
610.000	683.900	-793.300	1827.908
611.000	683.890	-759.700	1830.912
612.000	683.880	-754.900	1833.916
613.000	683.870	-782.400	1836.918
614.000	683.860	-781.900	1839.922
615.000	683.850	-791.000	1842.784
616.000	683.840	-794.100	1845.788
617.000	683.830	-770.100	1848.793
618.000	683.820	-769.400	1851.796
619.000	683.810	-763.800	1854.798
620.000	683.800	-746.800	1857.803
621.000	683.790	-750.000	1860.806
622.000	683.780	-760.400	1863.811
623.000	683.770	-768.000	1866.815
624.000	683.760	-770.100	1869.819
625.000	683.750	-764.600	1872.824
626.000	683.740	-756.600	1875.829
627.000	683.730	-733.100	1878.833
628.000	683.720	-722.600	1881.837
629.000	683.710	-700.900	1884.841
630.000	683.700	-706.600	1887.846
631.000	683.690	-687.700	1890.850
632.000	683.680	-695.000	1893.854
633.000	683.670	-673.100	1896.859
634.000	683.660	-662.300	1899.864
635.000	683.650	-670.600	1902.868
636.000	683.640	-683.200	1905.871
637.000	683.630	-683.500	1908.876
638.000	683.620	-706.500	1911.880
639.000	683.610	-732.000	1914.885
640.000	683.600	-737.700	1917.890
641.000	683.590	-729.700	1920.893
642.000	683.580	-738.400	1923.899
643.000	683.570	-732.400	1926.903
644.000	683.560	-737.500	1929.905
645.000	683.550	-740.300	1932.909
646.000	683.540	-738.200	1935.911
647.000	683.530	-720.500	1938.915
648.000	683.520	-729.400	1941.921
649.000	683.510	-714.900	1944.925
650.000	683.500	-697.000	1947.786
651.000	683.490	-700.200	1950.791
652.000	683.480	-717.200	1953.795
653.000	683.470	-724.800	1956.797
654.000	683.460	-723.100	1959.802
655.000	683.450	-722.800	1962.805
656.000	683.440	-694.700	1965.808
657.000	683.430	-700.900	1968.812
658.000	683.420	-685.400	1971.816
659.000	683.410	-699.900	1974.820
660.000	683.400	-680.600	1977.824
661.000	683.390	-709.300	1980.826
662.000	683.380	-726.200	1983.829
663.000	683.370	-724.200	1986.833
664.000	683.360	-742.000	1989.838
665.000	683.350	-737.400	1992.843
666.000	683.340	-705.400	1995.846
667.000	683.330	-696.200	1998.850
668.000	683.320	-711.600	2001.853
669.000	683.310	-735.000	2004.859
670.000	683.300	-719.400	2007.864
671.000	683.290	-733.400	2010.868
672.000	683.280	-738.200	2013.872
673.000	683.270	-711.500	2016.875
674.000	683.260	-711.000	2019.881
675.000	683.250	-738.900	2022.886
676.000	683.240	-741.700	2025.890
677.000	683.230	-729.400	2028.893
678.000	683.220	-722.200	2031.896
679.000	683.210	-712.600	2034.901
680.000	683.200	-723.100	2037.907
681.000	683.190	-742.200	2040.910
682.000	683.180	-725.400	2043.915
683.000	683.170	-711.700	2046.919
684.000	683.160	-694.200	2049.923
685.000	683.150	-686.000	2052.786
686.000	683.140	-691.300	2055.791
687.000	683.130	-705.900	2058.795
688.000	683.120	-736.400	2061.797
689.000	683.110	-738.300	2064.801
690.000	683.100	-757.000	2067.807
691.000	683.090	-779.100	2070.810
692.000	683.080	-785.400	2073.815
693.000	683.070	-774.600	2076.820
694.000	683.060	-778.900	2079.825
695.000	683.050	-766.600	2082.830
696.000	683.040	-774.200	2085.832
697.000	683.030	-813.500	2088.837
698.000	683.020	-800.100	2091.841
699.000	683.010	-782.900	2094.846
700.000	683.000	-796.400	2097.851
701.000	682.990	-802.400	2100.854
702.000	682.980	-808.200	2103.859
703.000	682.970	-791.600	2106.864
704.000	682.960	-772.300	2109.868
705.000	682.950	-790.400	2112.871
706.000	682.940	-768.300	2115.875
707.000	682.930	-780.700	2118.879
708.000	682.920	-792.700	2121.883
709.000	682.910	-765.100	2124.889
710.000	682.900	-769.600	2129.675
711.000	682.890	-752.400	2130.826
712.000	682.880	-734.900	2133.829
713.000	682.870	-759.200	2136.833
714.000	682.860	-793.100	2139.838
715.000	682.850	-796.500	2142.842
716.000	682.840	-798.000	2145.847
717.000	682.830	-778.600	2148.851
718.000	682.820	-785.900	2151.855
719.000	682.810	-785.500	2154.860
720.000	682.800	-770.100	2157.864
721.000	682.790	-757.400	2160.870
722.000	682.780	-735.000	2163.875
723.000	682.770	-746.000	2166.879
724.000	682.760	-736.600	2169.882
725.000	682.750	-738.900	2172.887
726.000	682.740	-737.900	2175.892
727.000	682.730	-754.100	2178.897
728.000	682.720	-769.200	2181.901
729.000	682.710	-775.900	2184.906
730.000	682.700	-768.700	2187.909
731.000	682.690	-778.300	2190.913
732.000	682.680	-789.000	2193.916
733.000	682.670	-773.900	2196.920
734.000	682.660	-785.700	2199.924
735.000	682.650	-760.900	2202.786
736.000	682.640	-747.300	2205.790
737.000	682.630	-755.100	2208.795
738.000	682.620	-763.300	2211.799
739.000	682.610	-783.800	2214.803
740.000	682.600	-758.400	2217.807
741.000	682.590	-735.500	2220.810
742.000	682.580	-748.200	2223.815
743.000	682.570	-725.500	2226.819
744.000	682.560	-733.100	2229.824
745.000	682.550	-741.900	2232.829
746.000	682.540	-769.600	2235.834
747.000	682.530	-775.300	2238.839
748.000	682.520	-785.300	2241.843
749.000	682.510	-796.700	2244.849
750.000	682.500	-799.300	2247.854
751.000	682.490	-830.600	2250.858
752.000	682.480	-872.100	2253.861
753.000	682.470	-861.400	2256.865
754.000	682.460	-844.100	2259.869
755.000	682.450	-804.000	2262.874
756.000	682.440	-820.100	2265.879
757.000	682.430	-800.800	2268.884
758.000	682.420	-817.100	2271.887
759.000	682.410	-777.200	2274.892
760.000	682.400	-771.200	2277.895
761.000	682.390	-759.000	2280.900
762.000	682.380	-771.900	2283.906
763.000	682.370	-768.700	2286.910
764.000	682.360	-775.500	2289.914
765.000	682.350	-796.900	2292.918
766.000	682.340	-786.500	2295.923
767.000	682.330	-786.100	2298.785
768.000	682.320	-783.700	2301.791
769.000	682.310	-786.200	2304.797
770.000	682.300	-807.400	2307.800
771.000	682.290	-808.000	2310.806
772.000	682.280	-797.600	2313.810
773.000	682.270	-812.900	2316.816
774.000	682.260	-823.300	2319.821
775.000	682.250	-790.400	2322.825
776.000	682.240	-790.100	2325.830
777.000	682.230	-785.200	2328.833
778.000	682.220	-770.000	2331.838
779.000	682.210	-772.800	2334.843
780.000	682.200	-750.600	2337.847
781.000	682.190	-773.800	2340.852
782.000	682.180	-761.800	2343.855
783.000	682.170	-765.800	2346.860
784.000	682.160	-798.500	2349.864
785.000	682.150	-763.300	2352.868
786.000	682.140	-777.800	2355.873
787.000	682.130	-776.300	2358.877
788.000	682.120	-774.600	2361.882
789.000	682.110	-782.600	2364.886
790.000	682.100	-784.700	2367.890
791.000	682.090	-807.100	2370.895
792.000	682.080	-810.500	2373.898
793.000	682.070	-820.100	2376.903
794.000	682.060	-807.900	2379.907
795.000	682.050	-799.100	2382.911
796.000	682.040	-800.400	2385.915
797.000	682.030	-820.000	2388.919
798.000	682.020	-827.400	2391.924
799.000	682.010	-821.200	2394.787
800.000	682.000	-838.900	2397.791
801.000	681.990	-830.700	2400.796
802.000	681.980	-826.900	2403.801
803.000	681.970	-823.000	2406.806
804.000	681.960	-798.000	2409.811
805.000	681.950	-770.300	2412.814
806.000	681.940	-787.500	2415.819
807.000	681.930	-783.500	2418.822
808.000	681.920	-742.000	2421.828
809.000	681.910	-753.100	2424.832
810.000	681.900	-747.200	2427.836
811.000	681.890	-780.300	2430.841
812.000	681.880	-779.300	2433.846
813.000	681.870	-769.400	2436.851
814.000	681.860	-792.900	2439.856
815.000	681.850	-791.400	2442.860
816.000	681.840	-795.000	2445.864
817.000	681.830	-812.000	2448.868
818.000	681.820	-793.000	2451.873
819.000	681.810	-811.700	2454.876
820.000	681.800	-831.300	2457.881
821.000	681.790	-814.500	2460.886
822.000	681.780	-810.500	2463.890
823.000	681.770	-809.100	2466.895
824.000	681.760	-782.300	2469.898
825.000	681.750	-771.300	2472.903
826.000	681.740	-785.500	2475.909
827.000	681.730	-794.500	2478.913
828.000	681.720	-792.700	2481.918
829.000	681.710	-793.300	2484.921
830.000	681.700	-787.900	2487.925
831.000	681.690	-783.600	2490.786
832.000	681.680	-764.100	2493.789
833.000	681.670	-747.000	2496.793
834.000	681.660	-755.700	2499.796
835.000	681.650	-755.300	2502.801
836.000	681.640	-755.600	2505.805
837.000	681.630	-727.800	2508.810
838.000	681.620	-735.300	2511.816
839.000	681.610	-720.600	2514.820
840.000	681.600	-746.900	2517.825
841.000	681.590	-751.300	2520.830
842.000	681.580	-788.700	2523.834
843.000	681.570	-776.700	2526.840
844.000	681.560	-730.400	2529.844
845.000	681.550	-759.000	2532.849
846.000	681.540	-778.900	2535.854
847.000	681.530	-810.600	2538.858
848.000	681.520	-798.700	2541.862
849.000	681.510	-825.000	2544.867
850.000	681.500	-809.500	2547.872
851.000	681.490	-813.800	2550.876
852.000	681.480	-833.300	2553.880
853.000	681.470	-832.900	2556.883
854.000	681.460	-837.300	2559.887
855.000	681.450	-848.000	2562.893
856.000	681.440	-844.100	2565.898
857.000	681.430	-825.100	2568.902
858.000	681.420	-824.800	2571.906
859.000	681.410	-809.000	2574.909
860.000	681.400	-784.100	2577.914
861.000	681.390	-795.900	2580.920
862.000	681.380	-802.800	2583.923
863.000	681.370	-798.400	2586.786
864.000	681.360	-777.600	2589.791
865.000	681.350	-777.900	2592.796
866.000	681.340	-779.800	2595.800
867.000	681.330	-787.800	2598.806
868.000	681.320	-824.600	2601.811
869.000	681.310	-829.200	2604.815
870.000	681.300	-832.600	2607.820
871.000	681.290	-843.200	2610.824
872.000	681.280	-844.000	2613.829
873.000	681.270	-801.400	2616.833
874.000	681.260	-802.100	2619.837
875.000	681.250	-817.100	2622.843
876.000	681.240	-802.900	2625.847
877.000	681.230	-807.500	2628.853
878.000	681.220	-782.200	2631.858
879.000	681.210	-792.800	2634.863
880.000	681.200	-821.300	2637.867
881.000	681.190	-805.400	2640.871
882.000	681.180	-800.900	2643.875
883.000	681.170	-790.600	2646.880
884.000	681.160	-797.700	2649.887
885.000	681.150	-787.800	2652.890
886.000	681.140	-765.200	2655.893
887.000	681.130	-738.400	2658.899
888.000	681.120	-749.700	2661.904
889.000	681.110	-751.500	2664.908
890.000	681.100	-759.200	2667.914
891.000	681.090	-781.200	2670.918
892.000	681.080	-782.200	2673.923
893.000	681.070	-798.200	2676.927
894.000	681.060	-790.700	2679.788
895.000	681.050	-781.400	2682.793
896.000	681.040	-775.100	2685.799
897.000	681.030	-782.800	2688.804
898.000	681.020	-792.300	2691.816
899.000	681.010	-798.100	2694.815
900.000	681.000	-777.000	2697.820
901.000	680.990	-763.900	2700.824
902.000	680.980	-783.600	2703.829
903.000	680.970	-792.500	2706.834
904.000	680.960	-806.600	2709.838
905.000	680.950	-808.300	2712.845
906.000	680.940	-807.100	2715.849
907.000	680.930	-820.400	2718.855
908.000	680.920	-793.100	2721.858
909.000	680.910	-771.700	2724.863
910.000	680.900	-791.200	2727.865
911.000	680.890	-802.200	2730.869
912.000	680.880	-797.800	2733.874
913.000	680.870	-781.800	2736.879
914.000	680.860	-773.000	2739.883
915.000	680.850	-785.400	2742.888
916.000	680.840	-791.400	2745.891
917.000	680.830	-770.800	2748.895
918.000	680.820	-771.400	2751.899
919.000	680.810	-779.100	2754.904
920.000	680.800	-779.600	2757.909
921.000	680.790	-767.500	2760.913
922.000	680.780	-740.000	2763.917
923.000	680.770	-740.900	2766.920
924.000	680.760	-727.500	2769.923
925.000	680.750	-741.900	2772.786
926.000	680.740	-761.000	2775.790
927.000	680.730	-790.400	2778.796
928.000	680.720	-777.100	2781.799
929.000	680.710	-790.400	2784.804
930.000	680.700	-775.500	2787.810
931.000	680.690	-762.600	2790.815
932.000	680.680	-735.100	2793.820
933.000	680.670	-712.100	2796.823
934.000	680.660	-695.500	2799.828
935.000	680.650	-733.500	2802.833
936.000	680.640	-729.100	2805.836
937.000	680.630	-717.900	2808.843
938.000	680.620	-706.200	2811.847
939.000	680.610	-693.100	2814.853
940.000	680.600	-685.200	2817.858
941.000	680.590	-687.700	2820.861
942.000	680.580	-683.800	2823.868
943.000	680.570	-696.000	2826.871
944.000	680.560	-676.300	2829.875
945.000	680.550	-663.300	2832.880
946.000	680.540	-658.200	2835.883
947.000	680.530	-663.600	2838.888
948.000	680.520	-700.600	2841.893
949.000	680.510	-707.500	2844.896
950.000	680.500	-694.400	2847.900
951.000	680.490	-691.900	2850.903
952.000	680.480	-684.500	2853.907
953.000	680.470	-673.400	2856.910
954.000	680.460	-665.400	2859.917
955.000	680.450	-657.000	2862.921
956.000	680.440	-660.200	2865.925
957.000	680.430	-656.000	2868.787
958.000	680.420	-638.300	2871.790
959.000	680.410	-671.700	2874.794
960.000	680.400	-679.100	2877.799
961.000	680.390	-690.400	2880.803
962.000	680.380	-699.600	2883.807
963.000	680.370	-708.300	2886.809
964.000	680.360	-694.300	2889.813
965.000	680.350	-687.700	2892.817
966.000	680.340	-678.300	2895.821
967.000	680.330	-666.100	2898.826
968.000	680.320	-667.800	2901.829
969.000	680.310	-663.800	2904.834
970.000	680.300	-641.000	2907.838
971.000	680.290	-636.000	2910.842
972.000	680.280	-641.300	2913.847
973.000	680.270	-625.500	2916.851
974.000	680.260	-628.100	2919.854
975.000	680.250	-632.400	2922.858
976.000	680.240	-626.900	2925.861
977.000	680.230	-631.700	2928.865
978.000	680.220	-646.300	2931.868
979.000	680.210	-668.900	2934.872
980.000	680.200	-638.200	2937.876
981.000	680.190	-667.000	2940.881
982.000	680.180	-646.400	2943.884
983.000	680.170	-633.600	2946.889
984.000	680.160	-650.500	2949.894
985.000	680.150	-644.800	2952.898
986.000	680.140	-658.200	2955.903
987.000	680.130	-633.800	2958.908
988.000	680.120	-626.800	2961.911
989.000	680.110	-621.700	2964.917
990.000	680.100	-625.800	2967.922
991.000	680.090	-637.200	2970.926
992.000	680.080	-647.500	2973.787
993.000	680.070	-631.400	2976.790
994.000	680.060	-624.300	2979.795
995.000	680.050	-640.200	2982.800
996.000	680.040	-641.300	2985.803
997.000	680.030	-631.700	2988.807
998.000	680.020	-629.400	2991.811
999.000	680.010	-620.700	2994.816
1000.000	680.000	-635.300	2997.820
1001.000	679.990	-636.700	3000.825
1002.000	679.980	-631.300	3003.828
1003.000	679.970	-621.300	3006.831
1004.000	679.960	-630.900	3009.835
1005.000	679.950	-631.500	3012.839
1006.000	679.940	-647.800	3015.843
1007.000	679.930	-669.500	3018.848
1008.000	679.920	-672.800	3021.852
1009.000	679.910	-665.300	3024.856
1010.000	679.900	-671.400	3027.860
1011.000	679.890	-683.000	3030.864
1012.000	679.880	-697.500	3033.870
1013.000	679.870	-706.200	3036.875
1014.000	679.860	-711.500	3039.880
1015.000	679.850	-731.600	3042.884
1016.000	679.840	-701.800	3045.890
1017.000	679.830	-691.800	3048.895
1018.000	679.820	-682.000	3051.900
1019.000	679.810	-681.500	3054.906
1020.000	679.800	-665.800	3057.910
1021.000	679.790	-667.300	3060.915
1022.000	679.780	-657.600	3063.919
1023.000	679.770	-649.200	3066.923
1024.000	679.760	-666.500	3069.786
1025.000	679.750	-657.100	3072.790
1026.000	679.740	-634.100	3075.796
1027.000	679.730	-628.300	3078.799
1028.000	679.720	-611.600	3081.803
1029.000	679.710	-585.200	3084.808
1030.000	679.700	-594.400	3087.813
1031.000	679.690	-610.100	3090.817
1032.000	679.680	-599.100	3093.820
1033.000	679.670	-585.200	3096.825
1034.000	679.660	-562.200	3099.829
1035.000	679.650	-544.700	3102.832
1036.000	679.640	-540.400	3105.838
1037.000	679.630	-543.200	3108.840
1038.000	679.620	-544.900	3111.844
1039.000	679.610	-579.500	3114.846
1040.000	679.600	-602.300	3117.849
1041.000	679.590	-622.800	3120.854
1042.000	679.580	-594.700	3123.857
1043.000	679.570	-587.000	3126.860
1044.000	679.560	-590.200	3129.864
1045.000	679.550	-606.300	3132.868
1046.000	679.540	-597.900	3135.873
1047.000	679.530	-585.600	3138.876
1048.000	679.520	-584.100	3141.880
1049.000	679.510	-605.800	3144.884
1050.000	679.500	-594.100	3147.887
1051.000	679.490	-619.800	3150.892
1052.000	679.480	-605.900	3153.896
1053.000	679.470	-602.400	3156.901
1054.000	679.460	-586.200	3159.905
1055.000	679.450	-589.900	3162.909
1056.000	679.440	-574.100	3165.913
1057.000	679.430	-579.900	3168.916
1058.000	679.420	-595.200	3171.921
1059.000	679.410	-604.000	3174.926
1060.000	679.400	-607.200	3177.787
1061.000	679.390	-603.300	3180.792
1062.000	679.380	-583.900	3183.795
1063.000	679.370	-597.400	3186.799
1064.000	679.360	-606.100	3189.804
1065.000	679.350	-593.700	3192.809
1066.000	679.340	-590.200	3195.815
1067.000	679.330	-578.100	3198.818
1068.000	679.320	-569.900	3201.823
1069.000	679.310	-583.500	3204.827
1070.000	679.300	-590.300	3207.831
1071.000	679.290	-593.500	3210.837
1072.000	679.280	-569.900	3213.841
1073.000	679.270	-553.700	3216.846
1074.000	679.260	-538.200	3219.849
1075.000	679.250	-541.200	3222.852
1076.000	679.240	-567.600	3225.857
1077.000	679.230	-585.800	3228.861
1078.000	679.220	-574.500	3231.865
1079.000	679.210	-588.300	3234.869
1080.000	679.200	-600.100	3237.873
1081.000	679.190	-626.200	3240.878
1082.000	679.180	-627.900	3243.882
1083.000	679.170	-635.300	3246.887
1084.000	679.160	-627.800	3249.889
1085.000	679.150	-624.200	3252.892
1086.000	679.140	-628.300	3255.895
1087.000	679.130	-647.500	3258.897
1088.000	679.120	-647.100	3261.902
1089.000	679.110	-648.100	3264.907
1090.000	679.100	-616.900	3267.911
1091.000	679.090	-613.500	3270.915
1092.000	679.080	-598.800	3273.917
1093.000	679.070	-604.800	3276.922
1094.000	679.060	-588.700	3279.926
1095.000	679.050	-572.300	3282.788
1096.000	679.040	-568.900	3285.793
1097.000	679.030	-585.300	3288.795
1098.000	679.020	-594.800	3291.799
1099.000	679.010	-610.400	3294.802
1100.000	679.000	-633.800	3297.807
1101.000	678.990	-637.700	3300.811
1102.000	678.980	-625.000	3303.813
1103.000	678.970	-598.000	3306.817
1104.000	678.960	-606.100	3309.819
1105.000	678.950	-621.900	3312.823
1106.000	678.940	-642.200	3315.827
1107.000	678.930	-655.700	3318.831
1108.000	678.920	-675.900	3321.835
1109.000	678.910	-688.200	3324.839
1110.000	678.900	-690.400	3329.631
1111.000	678.890	-703.100	3330.926
1112.000	678.880	-669.400	3333.789
1113.000	678.870	-638.800	3336.793
1114.000	678.860	-636.600	3339.796
1115.000	678.850	-628.400	3342.800
1116.000	678.840	-630.500	3345.804
1117.000	678.830	-622.500	3348.809
1118.000	678.820	-617.000	3351.812
1119.000	678.810	-632.400	3354.815
1120.000	678.800	-633.800	3357.819
1121.000	678.790	-635.200	3360.823
1122.000	678.780	-629.400	3363.826
1123.000	678.770	-640.100	3366.831
1124.000	678.760	-656.700	3369.834
1125.000	678.750	-704.500	3372.839
1126.000	678.740	-698.700	3375.844
1127.000	678.730	-684.600	3378.848
1128.000	678.720	-692.600	3381.853
1129.000	678.710	-675.000	3384.858
1130.000	678.700	-692.000	3387.862
1131.000	678.690	-662.300	3390.866
1132.000	678.680	-651.100	3393.871
1133.000	678.670	-667.300	3396.874
1134.000	678.660	-698.100	3399.878
1135.000	678.650	-666.100	3402.884
1136.000	678.640	-644.400	3405.888
1137.000	678.630	-629.300	3408.892
1138.000	678.620	-624.600	3411.896
1139.000	678.610	-629.200	3414.899
1140.000	678.600	-650.500	3417.903
1141.000	678.590	-666.600	3420.907
1142.000	678.580	-691.800	3423.912
1143.000	678.570	-683.000	3426.916
1144.000	678.560	-684.600	3429.919
1145.000	678.550	-707.200	3432.923
1146.000	678.540	-706.400	3435.785
1147.000	678.530	-727.900	3438.791
1148.000	678.520	-738.600	3441.796
1149.000	678.510	-738.700	3444.800
1150.000	678.500	-750.400	3447.805
1151.000	678.490	-747.500	3450.810
1152.000	678.480	-745.000	3453.816
1153.000	678.470	-733.900	3456.820
1154.000	678.460	-704.700	3459.823
1155.000	678.450	-673.300	3462.828
1156.000	678.440	-660.200	3465.832
1157.000	678.430	-656.700	3468.836
1158.000	678.420	-640.300	3471.840
1159.000	678.410	-641.600	3474.842
1160.000	678.400	-636.000	3477.848
1161.000	678.390	-631.700	3480.851
1162.000	678.380	-629.500	3483.855
1163.000	678.370	-670.000	3486.858
1164.000	678.360	-680.600	3489.863
1165.000	678.350	-657.900	3492.867
1166.000	678.340	-697.700	3495.870
1167.000	678.330	-710.100	3498.875
1168.000	678.320	-717.400	3501.879
1169.000	678.310	-727.400	3504.883
1170.000	678.300	-729.500	3507.889
1171.000	678.290	-728.300	3510.892
1172.000	678.280	-730.600	3513.897
1173.000	678.270	-721.700	3516.901
1174.000	678.260	-719.300	3519.904
1175.000	678.250	-720.900	3522.908
1176.000	678.240	-712.500	3525.912
1177.000	678.230	-708.800	3528.917
1178.000	678.220	-715.400	3531.922
1179.000	678.210	-753.400	3534.784
1180.000	678.200	-727.100	3537.789
1181.000	678.190	-731.300	3540.794
1182.000	678.180	-707.700	3543.799
1183.000	678.170	-690.800	3546.803
1184.000	678.160	-713.100	3549.806
1185.000	678.150	-701.100	3552.809
1186.000	678.140	-690.400	3555.812
1187.000	678.130	-685.500	3558.818
1188.000	678.120	-679.500	3561.820
1189.000	678.110	-662.300	3564.824
1190.000	678.100	-659.600	3567.828
1191.000	678.090	-657.800	3570.831
1192.000	678.080	-704.800	3573.836
1193.000	678.070	-714.000	3576.841
1194.000	678.060	-761.900	3579.847
1195.000	678.050	-778.000	3582.852
1196.000	678.040	-766.300	3585.856
1197.000	678.030	-764.000	3588.861
1198.000	678.020	-785.600	3591.865
1199.000	678.010	-795.300	3594.870
1200.000	678.000	-808.900	3597.874
1201.000	677.990	-830.600	3600.877
1202.000	677.980	-827.500	3603.882
1203.000	677.970	-799.500	3606.885
1204.000	677.960	-816.500	3609.888
1205.000	677.950	-805.900	3612.893
1206.000	677.940	-795.000	3615.898
1207.000	677.930	-774.200	3618.903
1208.000	677.920	-760.200	3621.907
1209.000	677.910	-744.000	3624.912
1210.000	677.900	-743.600	3627.917
1211.000	677.890	-750.100	3630.920
1212.000	677.880	-759.400	3633.924
1213.000	677.870	-776.400	3636.785
1214.000	677.860	-751.800	3639.789
1215.000	677.850	-744.100	3642.793
1216.000	677.840	-747.700	3645.797
1217.000	677.830	-770.200	3648.801
1218.000	677.820	-784.100	3651.804
1219.000	677.810	-792.800	3654.808
1220.000	677.800	-776.300	3657.811
1221.000	677.790	-811.900	3660.814
1222.000	677.780	-808.500	3663.820
1223.000	677.770	-799.400	3666.823
1224.000	677.760	-805.400	3669.827
1225.000	677.750	-773.600	3672.830
1226.000	677.740	-766.700	3675.833
1227.000	677.730	-772.500	3678.837
1228.000	677.720	-769.500	3681.842
1229.000	677.710	-728.100	3684.846
1230.000	677.700	-705.900	3687.850
1231.000	677.690	-692.100	3690.853
1232.000	677.680	-689.500	3693.858
1233.000	677.670	-676.500	3696.862
1234.000	677.660	-659.300	3699.867
1235.000	677.650	-642.700	3702.872
1236.000	677.640	-639.100	3705.874
1237.000	677.630	-625.900	3708.879
1238.000	677.620	-650.900	3711.882
1239.000	677.610	-687.600	3714.886
1240.000	677.600	-701.900	3717.891
1241.000	677.590	-725.200	3720.895
1242.000	677.580	-732.400	3723.898
1243.000	677.570	-725.800	3726.903
1244.000	677.560	-712.000	3729.906
1245.000	677.550	-719.800	3732.911
1246.000	677.540	-722.000	3735.914
1247.000	677.530	-714.000	3738.919
1248.000	677.520	-712.600	3741.921
1249.000	677.510	-713.900	3744.925
1250.000	677.500	-676.600	3747.928
1251.000	677.490	-706.900	3750.793
1252.000	677.480	-710.700	3753.798
1253.000	677.470	-734.200	3756.801
1254.000	677.460	-728.900	3759.805
1255.000	677.450	-740.200	3762.809
1256.000	677.440	-716.300	3765.814
1257.000	677.430	-683.000	3768.820
1258.000	677.420	-659.600	3771.824
1259.000	677.410	-655.400	3774.828
1260.000	677.400	-679.700	3777.831
1261.000	677.390	-672.000	3780.835
1262.000	677.380	-692.300	3783.837
1263.000	677.370	-710.300	3786.840
1264.000	677.360	-706.200	3789.844
1265.000	677.350	-692.500	3792.850
1266.000	677.340	-680.400	3795.855
1267.000	677.330	-674.000	3798.858
1268.000	677.320	-679.500	3801.862
1269.000	677.310	-661.200	3804.867
1270.000	677.300	-672.000	3807.870
1271.000	677.290	-649.900	3810.874
1272.000	677.280	-665.700	3813.878
1273.000	677.270	-663.200	3816.881
1274.000	677.260	-682.700	3819.885
1275.000	677.250	-706.800	3822.890
1276.000	677.240	-708.800	3825.894
1277.000	677.230	-703.700	3828.898
1278.000	677.220	-712.300	3831.901
1279.000	677.210	-736.400	3834.906
1280.000	677.200	-724.200	3837.910
1281.000	677.190	-721.500	3840.915
1282.000	677.180	-711.800	3843.919
1283.000	677.170	-718.400	3846.923
1284.000	677.160	-713.100	3849.784
1285.000	677.150	-718.400	3852.788
1286.000	677.140	-703.200	3855.793
1287.000	677.130	-687.900	3858.797
1288.000	677.120	-674.000	3861.802
1289.000	677.110	-694.000	3864.807
1290.000	677.100	-670.100	3867.811
1291.000	677.090	-660.400	3870.814
1292.000	677.080	-654.400	3873.820
1293.000	677.070	-667.900	3876.824
1294.000	677.060	-685.900	3879.829
1295.000	677.050	-699.200	3882.834
1296.000	677.040	-687.800	3885.839
1297.000	677.030	-674.700	3888.844
1298.000	677.020	-685.700	3891.850
1299.000	677.010	-695.700	3894.855
1300.000	677.000	-692.500	3897.858
1301.000	676.990	-715.600	3900.862
1302.000	676.980	-707.400	3903.866
1303.000	676.970	-738.900	3906.871
1304.000	676.960	-743.100	3909.875
1305.000	676.950	-737.000	3912.878
1306.000	676.940	-723.600	3915.883
1307.000	676.930	-724.200	3918.886
1308.000	676.920	-748.000	3921.890
1309.000	676.910	-741.700	3924.894
1310.000	676.900	-723.300	3927.899
1311.000	676.890	-700.300	3930.904
1312.000	676.880	-726.700	3933.909
1313.000	676.870	-727.500	3936.914
1314.000	676.860	-724.000	3939.919
1315.000	676.850	-716.600	3942.924
1316.000	676.840	-728.700	3945.786
1317.000	676.830	-715.400	3948.790
1318.000	676.820	-690.900	3951.793
1319.000	676.810	-671.400	3954.797
1320.000	676.800	-671.700	3957.800
1321.000	676.790	-660.800	3960.805
1322.000	676.780	-671.300	3963.810
1323.000	676.770	-694.600	3966.814
1324.000	676.760	-687.300	3969.820
1325.000	676.750	-700.300	3972.824
1326.000	676.740	-699.600	3975.829
1327.000	676.730	-713.200	3978.834
1328.000	676.720	-727.400	3981.838
1329.000	676.710	-712.900	3984.843
1330.000	676.700	-690.900	3987.847
1331.000	676.690	-713.000	3990.852
1332.000	676.680	-731.100	3993.855
1333.000	676.670	-735.100	3996.862
1334.000	676.660	-727.500	3999.867
1335.000	676.650	-724.700	4002.870
1336.000	676.640	-660.700	4005.874
1337.000	676.630	-631.100	4008.878
1338.000	676.620	-609.000	4011.883
1339.000	676.610	-615.000	4014.887
1340.000	676.600	-605.600	4017.892
1341.000	676.590	-609.600	4020.895
1342.000	676.580	-605.100	4023.897
1343.000	676.570	-612.600	4026.900
1344.000	676.560	-633.000	4029.905
1345.000	676.550	-636.100	4032.909
1346.000	676.540	-635.700	4035.914
1347.000	676.530	-662.600	4038.918
1348.000	676.520	-669.000	4041.923
1349.000	676.510	-694.400	4044.785
1350.000	676.500	-703.900	4047.791
1351.000	676.490	-713.900	4050.796
1352.000	676.480	-724.200	4053.799
1353.000	676.470	-720.300	4056.804
1354.000	676.460	-729.900	4059.808
1355.000	676.450	-735.100	4062.811
1356.000	676.440	-695.800	4065.817
1357.000	676.430	-670.200	4068.821
1358.000	676.420	-674.600	4071.826
1359.000	676.410	-666.100	4074.830
1360.000	676.400	-650.000	4077.833
1361.000	676.390	-642.100	4080.837
1362.000	676.380	-626.500	4083.841
1363.000	676.370	-614.800	4086.846
1364.000	676.360	-625.100	4089.849
1365.000	676.350	-643.500	4092.853
1366.000	676.340	-669.300	4095.858
1367.000	676.330	-661.400	4098.861
1368.000	676.320	-679.300	4101.868
1369.000	676.310	-691.300	4104.871
1370.000	676.300	-708.800	4107.875
1371.000	676.290	-715.100	4110.880
1372.000	676.280	-722.900	4113.884
1373.000	676.270	-718.400	4116.888
1374.000	676.260	-721.100	4119.893
1375.000	676.250	-704.300	4122.897
1376.000	676.240	-696.600	4125.901
1377.000	676.230	-699.400	4128.904
1378.000	676.220	-694.100	4131.909
1379.000	676.210	-652.900	4134.913
1380.000	676.200	-640.500	4137.918
1381.000	676.190	-670.000	4140.922
1382.000	676.180	-674.700	4143.925
1383.000	676.170	-677.300	4146.786
1384.000	676.160	-699.900	4149.791
1385.000	676.150	-709.300	4152.796
1386.000	676.140	-668.700	4155.801
1387.000	676.130	-638.900	4158.805
1388.000	676.120	-676.500	4161.808
1389.000	676.110	-707.700	4164.811
1390.000	676.100	-725.000	4167.817
1391.000	676.090	-729.300	4170.823
1392.000	676.080	-733.300	4173.826
1393.000	676.070	-734.700	4176.830
1394.000	676.060	-742.600	4179.834
1395.000	676.050	-748.600	4182.839
1396.000	676.040	-771.700	4185.844
1397.000	676.030	-799.100	4188.848
1398.000	676.020	-794.200	4191.854
1399.000	676.010	-770.400	4194.858
1400.000	676.000	-765.200	4197.862
1401.000	675.990	-798.700	4200.867
1402.000	675.980	-803.600	4203.870
1403.000	675.970	-811.200	4206.877
1404.000	675.960	-795.100	4209.880
1405.000	675.950	-775.100	4212.886
1406.000	675.940	-729.200	4215.890
1407.000	675.930	-738.200	4218.895
1408.000	675.920	-724.000	4221.899
1409.000	675.910	-722.200	4224.904
1410.000	675.900	-725.500	4227.908
1411.000	675.890	-727.400	4230.912
1412.000	675.880	-724.800	4233.917
1413.000	675.870	-740.400	4236.922
1414.000	675.860	-745.200	4239.785
1415.000	675.850	-743.200	4242.789
1416.000	675.840	-741.200	4245.793
1417.000	675.830	-751.000	4248.798
1418.000	675.820	-731.800	4251.802
1419.000	675.810	-754.600	4254.805
1420.000	675.800	-721.900	4257.810
1421.000	675.790	-706.000	4260.814
1422.000	675.780	-731.800	4263.818
1423.000	675.770	-755.300	4266.822
1424.000	675.760	-762.100	4269.826
1425.000	675.750	-776.700	4272.830
1426.000	675.740	-785.300	4275.834
1427.000	675.730	-781.400	4278.840
1428.000	675.720	-800.000	4281.845
1429.000	675.710	-769.600	4284.849
1430.000	675.700	-767.900	4287.854
1431.000	675.690	-777.700	4290.858
1432.000	675.680	-775.700	4293.864
1433.000	675.670	-777.000	4296.870
1434.000	675.660	-755.000	4299.874
1435.000	675.650	-758.900	4302.879
1436.000	675.640	-770.200	4305.883
1437.000	675.630	-767.700	4308.888
1438.000	675.620	-769.600	4311.894
1439.000	675.610	-765.500	4314.899
1440.000	675.600	-763.500	4317.904
1441.000	675.590	-776.600	4320.909
1442.000	675.580	-793.800	4323.914
1443.000	675.570	-745.500	4326.918
1444.000	675.560	-712.300	4329.923
1445.000	675.550	-679.900	4332.927
1446.000	675.540	-670.800	4335.787
1447.000	675.530	-676.600	4338.791
1448.000	675.520	-661.100	4341.794
1449.000	675.510	-623.400	4344.799
1450.000	675.500	-632.000	4347.803
1451.000	675.490	-648.800	4350.807
1452.000	675.480	-677.900	4353.811
1453.000	675.470	-688.800	4356.816
1454.000	675.460	-707.000	4359.821
1455.000	675.450	-721.500	4362.826
1456.000	675.440	-725.700	4365.829
1457.000	675.430	-753.000	4368.833
1458.000	675.420	-759.200	4371.838
1459.000	675.410	-731.000	4374.843
1460.000	675.400	-699.800	4377.847
1461.000	675.390	-660.000	4380.851
1462.000	675.380	-618.600	4383.856
1463.000	675.370	-642.700	4386.860
1464.000	675.360	-646.700	4389.864
1465.000	675.350	-634.800	4392.868
1466.000	675.340	-627.200	4395.872
1467.000	675.330	-651.200	4398.877
1468.000	675.320	-680.200	4401.880
1469.000	675.310	-717.000	4404.886
1470.000	675.300	-718.400	4407.891
1471.000	675.290	-722.400	4410.895
1472.000	675.280	-737.100	4413.900
1473.000	675.270	-739.100	4416.905
1474.000	675.260	-737.800	4419.910
1475.000	675.250	-730.500	4422.916
1476.000	675.240	-734.200	4425.920
1477.000	675.230	-721.300	4428.924
1478.000	675.220	-731.200	4431.786
1479.000	675.210	-730.300	4434.792
1480.000	675.200	-710.200	4437.796
1481.000	675.190	-732.700	4440.801
1482.000	675.180	-717.700	4443.806
1483.000	675.170	-699.100	4446.810
1484.000	675.160	-696.000	4449.815
1485.000	675.150	-679.100	4452.820
1486.000	675.140	-692.600	4455.824
1487.000	675.130	-685.100	4458.829
1488.000	675.120	-663.500	4461.832
1489.000	675.110	-655.700	4464.837
1490.000	675.100	-670.800	4467.842
1491.000	675.090	-665.100	4470.845
1492.000	675.080	-627.700	4473.849
1493.000	675.070	-644.900	4476.853
1494.000	675.060	-664.200	4479.858
1495.000	675.050	-667.500	4482.862
1496.000	675.040	-674.000	4485.867
1497.000	675.030	-678.600	4488.871
1498.000	675.020	-706.500	4491.874
1499.000	675.010	-720.100	4494.879
1500.000	675.000	-729.100	4497.883
1501.000	674.990	0.000	4500.888
