0.000	702.000	-1274.600	0.000
1.000	701.990	-1300.500	2.571
2.000	701.980	-1323.400	5.575
3.000	701.970	-1291.200	8.579
4.000	701.960	-1299.500	11.585
5.000	701.950	-1270.900	14.589
6.000	701.940	-1268.400	17.593
7.000	701.930	-1264.200	20.598
8.000	701.920	-1246.800	23.602
9.000	701.910	-1272.500	26.607
10.000	701.900	-1253.500	30.815
11.000	701.890	-1253.100	32.537
12.000	701.880	-1283.800	35.541
13.000	701.870	-1281.200	38.544
14.000	701.860	-1281.000	41.549
15.000	701.850	-1292.300	44.554
16.000	701.840	-1309.200	47.558
17.000	701.830	-1296.300	50.563
18.000	701.820	-1279.800	53.566
19.000	701.810	-1277.300	56.571
20.000	701.800	-1253.900	59.578
21.000	701.790	-1275.100	62.583
22.000	701.780	-1250.100	65.587
23.000	701.770	-1245.900	68.591
24.000	701.760	-1279.300	71.597
25.000	701.750	-1294.200	74.602
26.000	701.740	-1316.000	77.605
27.000	701.730	-1338.200	80.610
28.000	701.720	-1323.300	83.614
29.000	701.710	-1291.100	86.619
30.000	701.700	-1324.200	89.624
31.000	701.690	-1320.600	92.628
32.000	701.680	-1333.600	95.634
33.000	701.670	-1321.600	98.638
34.000	701.660	-1325.400	101.642
35.000	701.650	-1300.600	104.646
36.000	701.640	-1309.400	107.509
37.000	701.630	-1277.800	110.514
38.000	701.620	-1283.500	113.517
39.000	701.610	-1284.900	116.521
40.000	701.600	-1270.000	119.525
41.000	701.590	-1251.500	122.530
42.000	701.580	-1258.900	125.536
43.000	701.570	-1262.400	128.541
44.000	701.560	-1240.600	131.547
45.000	701.550	-1252.500	134.550
46.000	701.540	-1246.100	137.555
47.000	701.530	-1230.800	140.560
48.000	701.520	-1228.900	143.563
49.000	701.510	-1270.100	146.568
50.000	701.500	-1312.100	149.572
51.000	701.490	-1316.800	152.577
52.000	701.480	-1341.500	155.581
53.000	701.470	-1366.300	158.586
54.000	701.460	-1375.500	161.591
55.000	701.450	-1348.700	164.595
56.000	701.440	-1328.700	167.601
57.000	701.430	-1318.400	170.664
58.000	701.420	-1327.200	173.528
59.000	701.410	-1353.000	176.533
60.000	701.400	-1344.100	179.537
61.000	701.390	-1316.800	182.542
62.000	701.380	-1304.200	185.548
63.000	701.370	-1316.000	188.552
64.000	701.360	-1349.200	191.557
65.000	701.350	-1337.500	194.561
66.000	701.340	-1351.800	197.566
67.000	701.330	-1342.300	200.571
68.000	701.320	-1354.000	203.577
69.000	701.310	-1331.000	206.583
70.000	701.300	-1336.800	209.587
71.000	701.290	-1352.300	212.591
72.000	701.280	-1314.500	215.595
73.000	701.270	-1319.500	218.601
74.000	701.260	-1319.800	221.606
75.000	701.250	-1366.700	224.611
76.000	701.240	-1380.400	227.616
77.000	701.230	-1382.000	230.621
78.000	701.220	-1342.400	233.625
79.000	701.210	-1347.400	236.631
80.000	701.200	-1339.700	239.636
81.000	701.190	-1354.300	242.641
82.000	701.180	-1339.600	245.645
83.000	701.170	-1321.700	248.649
84.000	701.160	-1320.500	251.511
85.000	701.150	-1322.400	254.515
86.000	701.140	-1308.300	257.519
87.000	701.130	-1304.100	260.522
88.000	701.120	-1340.800	263.527
89.000	701.110	-1331.200	266.531
90.000	701.100	-1330.200	269.535
91.000	701.090	-1325.900	272.541
92.000	701.080	-1292.000	275.544
93.000	701.070	-1282.400	278.549
94.000	701.060	-1283.100	281.554
95.000	701.050	-1317.400	284.557
96.000	701.040	-1311.600	287.562
97.000	701.030	-1328.100	290.569
98.000	701.020	-1330.900	293.575
99.000	701.010	-1322.200	296.580
100.000	701.000	-1344.200	299.584
101.000	700.990	-1344.900	302.591
102.000	700.980	-1346.800	305.595
103.000	700.970	-1330.400	308.601
104.000	700.960	-1305.200	311.606
105.000	700.950	-1311.600	314.610
106.000	700.940	-1332.000	317.614
107.000	700.930	-1328.900	320.618
108.000	700.920	-1302.200	323.625
109.000	700.910	-1313.800	326.629
110.000	700.900	-1335.100	329.633
111.000	700.890	-1322.700	332.639
112.000	700.880	-1306.400	335.644
113.000	700.870	-1307.400	338.648
114.000	700.860	-1308.300	341.511
115.000	700.850	-1330.600	344.514
116.000	700.840	-1343.800	347.519
117.000	700.830	-1337.800	350.523
118.000	700.820	-1304.800	353.529
119.000	700.810	-1287.700	356.534
120.000	700.800	-1294.100	359.540
121.000	700.790	-1300.600	362.545
122.000	700.780	-1301.800	365.548
123.000	700.770	-1314.500	368.553
124.000	700.760	-1315.000	371.557
125.000	700.750	-1322.900	374.562
126.000	700.740	-1315.800	377.568
127.000	700.730	-1296.800	380.572
128.000	700.720	-1313.400	383.577
129.000	700.710	-1321.300	386.582
130.000	700.700	-1289.000	389.586
131.000	700.690	-1277.400	392.592
132.000	700.680	-1279.100	395.597
133.000	700.670	-1284.700	398.603
134.000	700.660	-1297.400	401.608
135.000	700.650	-1302.800	404.612
136.000	700.640	-1306.300	407.617
137.000	700.630	-1338.000	410.621
138.000	700.620	-1313.000	413.627
139.000	700.610	-1309.000	416.632
140.000	700.600	-1312.700	419.636
141.000	700.590	-1320.200	422.641
142.000	700.580	-1319.400	425.646
143.000	700.570	-1301.300	428.510
144.000	700.560	-1302.700	431.514
145.000	700.550	-1296.800	434.519
146.000	700.540	-1303.900	437.524
147.000	700.530	-1290.800	440.529
148.000	700.520	-1290.200	443.534
149.000	700.510	-1316.400	446.539
150.000	700.500	-1309.700	449.543
151.000	700.490	-1303.900	452.547
152.000	700.480	-1308.400	455.551
153.000	700.470	-1310.000	458.555
154.000	700.460	-1305.200	461.560
155.000	700.450	-1306.100	464.566
156.000	700.440	-1322.800	467.571
157.000	700.430	-1300.800	470.575
158.000	700.420	-1270.300	473.579
159.000	700.410	-1270.400	476.583
160.000	700.400	-1275.500	479.587
161.000	700.390	-1318.300	482.593
162.000	700.380	-1350.900	485.596
163.000	700.370	-1361.000	488.600
164.000	700.360	-1345.500	491.603
165.000	700.350	-1330.900	494.607
166.000	700.340	-1321.300	497.611
167.000	700.330	-1337.100	500.616
168.000	700.320	-1350.500	503.621
169.000	700.310	-1367.900	506.625
170.000	700.300	-1360.700	509.630
171.000	700.290	-1368.800	512.635
172.000	700.280	-1339.300	515.640
173.000	700.270	-1312.000	518.646
174.000	700.260	-1324.300	521.508
175.000	700.250	-1353.200	524.513
176.000	700.240	-1399.300	527.518
177.000	700.230	-1382.700	530.522
178.000	700.220	-1391.900	533.528
179.000	700.210	-1373.100	536.532
180.000	700.200	-1356.200	539.537
181.000	700.190	-1341.500	542.541
182.000	700.180	-1318.700	545.546
183.000	700.170	-1338.300	548.550
184.000	700.160	-1312.600	551.554
185.000	700.150	-1315.000	554.558
186.000	700.140	-1271.600	557.563
187.000	700.130	-1272.700	560.565
188.000	700.120	-1251.400	563.569
189.000	700.110	-1228.500	566.572
190.000	700.100	-1280.900	569.576
191.000	700.090	-1286.000	572.580
192.000	700.080	-1276.400	575.584
193.000	700.070	-1273.400	578.588
194.000	700.060	-1287.400	581.592
195.000	700.050	-1306.800	584.596
196.000	700.040	-1318.400	587.600
197.000	700.030	-1300.300	590.605
198.000	700.020	-1287.400	593.610
199.000	700.010	-1269.800	596.614
200.000	700.000	-1283.200	599.620
201.000	699.990	-1267.400	602.623
202.000	699.980	-1285.900	605.629
203.000	699.970	-1313.600	608.634
204.000	699.960	-1320.200	611.637
205.000	699.950	-1323.100	614.642
206.000	699.940	-1357.200	617.647
207.000	699.930	-1391.800	620.510
208.000	699.920	-1366.900	623.516
209.000	699.910	-1374.200	626.520
210.000	699.900	-1373.400	629.524
211.000	699.890	-1346.400	632.529
212.000	699.880	-1346.400	635.534
213.000	699.870	-1353.100	638.540
214.000	699.860	-1327.800	641.543
215.000	699.850	-1344.900	644.548
216.000	699.840	-1334.400	647.551
217.000	699.830	-1288.700	650.556
218.000	699.820	-1272.000	653.561
219.000	699.810	-1283.300	656.567
220.000	699.800	-1305.600	659.572
221.000	699.790	-1314.300	662.576
222.000	699.780	-1301.100	665.581
223.000	699.770	-1301.700	668.586
224.000	699.760	-1296.800	671.590
225.000	699.750	-1331.100	674.596
226.000	699.740	-1317.600	677.600
227.000	699.730	-1308.100	680.606
228.000	699.720	-1314.000	683.611
229.000	699.710	-1296.400	686.614
230.000	699.700	-1316.300	689.619
231.000	699.690	-1312.500	692.624
232.000	699.680	-1303.600	695.627
233.000	699.670	-1322.500	698.632
234.000	699.660	-1264.000	701.636
235.000	699.650	-1272.100	704.641
236.000	699.640	-1281.000	707.645
237.000	699.630	-1273.100	710.508
238.000	699.620	-1241.800	713.513
239.000	699.610	-1272.900	716.516
240.000	699.600	-1273.000	719.521
241.000	699.590	-1286.100	722.526
242.000	699.580	-1268.500	725.530
243.000	699.570	-1264.100	728.536
244.000	699.560	-1285.300	731.541
245.000	699.550	-1273.300	734.545
246.000	699.540	-1313.800	737.548
247.000	699.530	-1307.300	740.554
248.000	699.520	-1337.600	743.559
249.000	699.510	-1342.700	746.565
250.000	699.500	-1337.400	749.569
251.000	699.490	-1319.400	752.572
252.000	699.480	-1307.000	755.576
253.000	699.470	-1327.100	758.580
254.000	699.460	-1311.900	761.586
255.000	699.450	-1321.900	764.591
256.000	699.440	-1314.800	767.595
257.000	699.430	-1302.600	770.599
258.000	699.420	-1321.600	773.604
259.000	699.410	-1339.200	776.608
260.000	699.400	-1324.300	779.614
261.000	699.390	-1306.000	782.616
262.000	699.380	-1282.600	785.621
263.000	699.370	-1281.700	788.624
264.000	699.360	-1281.200	791.628
265.000	699.350	-1326.000	794.634
266.000	699.340	-1325.900	797.638
267.000	699.330	-1322.700	800.642
268.000	699.320	-1339.800	803.505
269.000	699.310	-1331.000	806.510
270.000	699.300	-1364.400	809.515
271.000	699.290	-1353.900	812.519
272.000	699.280	-1354.900	815.525
273.000	699.270	-1358.500	818.529
274.000	699.260	-1350.700	821.534
275.000	699.250	-1336.000	824.539
276.000	699.240	-1310.000	827.543
277.000	699.230	-1331.200	830.549
278.000	699.220	-1332.400	833.552
279.000	699.210	-1336.100	836.557
280.000	699.200	-1290.100	839.561
281.000	699.190	-1288.000	842.565
282.000	699.180	-1272.600	845.570
283.000	699.170	-1304.800	848.574
284.000	699.160	-1331.100	851.577
285.000	699.150	-1295.500	854.581
286.000	699.140	-1288.600	857.584
287.000	699.130	-1314.300	860.589
288.000	699.120	-1382.100	863.592
289.000	699.110	-1377.300	866.598
290.000	699.100	-1380.800	869.603
291.000	699.090	-1368.400	872.606
292.000	699.080	-1360.400	875.611
293.000	699.070	-1340.000	878.615
294.000	699.060	-1358.500	881.620
295.000	699.050	-1381.500	884.626
296.000	699.040	-1338.900	887.630
297.000	699.030	-1337.400	890.635
298.000	699.020	-1339.600	893.640
299.000	699.010	-1320.300	896.645
300.000	699.000	-1323.300	899.507
301.000	698.990	-1338.800	902.512
302.000	698.980	-1338.500	905.516
303.000	698.970	-1335.700	908.520
304.000	698.960	-1325.300	911.525
305.000	698.950	-1341.400	914.529
306.000	698.940	-1296.900	917.534
307.000	698.930	-1290.200	920.539
308.000	698.920	-1242.200	923.542
309.000	698.910	-1237.900	926.548
310.000	698.900	-1227.100	929.553
311.000	698.890	-1246.000	932.558
312.000	698.880	-1282.900	935.563
313.000	698.870	-1263.700	938.568
314.000	698.860	-1250.200	941.574
315.000	698.850	-1272.600	944.579
316.000	698.840	-1298.800	947.583
317.000	698.830	-1294.100	950.587
318.000	698.820	-1298.800	953.592
319.000	698.810	-1312.200	956.598
320.000	698.800	-1310.800	959.602
321.000	698.790	-1312.700	962.607
322.000	698.780	-1305.400	965.612
323.000	698.770	-1291.700	968.615
324.000	698.760	-1277.600	971.621
325.000	698.750	-1303.600	974.624
326.000	698.740	-1305.300	977.629
327.000	698.730	-1294.700	980.634
328.000	698.720	-1291.000	983.638
329.000	698.710	-1271.300	986.643
330.000	698.700	-1314.500	989.506
331.000	698.690	-1312.100	992.510
332.000	698.680	-1313.900	995.515
333.000	698.670	-1321.700	998.519
334.000	698.660	-1293.400	1001.523
335.000	698.650	-1294.100	1004.528
336.000	698.640	-1321.000	1007.534
337.000	698.630	-1346.400	1010.539
338.000	698.620	-1336.000	1013.543
339.000	698.610	-1312.600	1016.549
340.000	698.600	-1321.600	1019.553
341.000	698.590	-1341.700	1022.556
342.000	698.580	-1351.500	1025.562
343.000	698.570	-1351.600	1028.566
344.000	698.560	-1351.300	1031.571
345.000	698.550	-1343.900	1034.575
346.000	698.540	-1361.100	1037.579
347.000	698.530	-1392.500	1040.586
348.000	698.520	-1373.300	1043.590
349.000	698.510	-1363.700	1046.595
350.000	698.500	-1359.800	1049.599
351.000	698.490	-1330.900	1052.604
352.000	698.480	-1324.600	1055.609
353.000	698.470	-1323.300	1058.614
354.000	698.460	-1324.900	1061.618
355.000	698.450	-1299.100	1064.622
356.000	698.440	-1287.200	1067.627
357.000	698.430	-1261.000	1070.631
358.000	698.420	-1268.600	1073.636
359.000	698.410	-1277.400	1076.641
360.000	698.400	-1304.100	1079.644
361.000	698.390	-1317.400	1082.649
362.000	698.380	-1325.600	1085.510
363.000	698.370	-1338.000	1088.515
364.000	698.360	-1353.800	1091.520
365.000	698.350	-1379.200	1094.525
366.000	698.340	-1403.600	1097.530
367.000	698.330	-1423.200	1100.533
368.000	698.320	-1399.500	1103.538
369.000	698.310	-1410.300	1106.542
370.000	698.300	-1409.800	1109.547
371.000	698.290	-1401.600	1112.553
372.000	698.280	-1378.200	1115.557
373.000	698.270	-1359.900	1118.563
374.000	698.260	-1364.100	1121.569
375.000	698.250	-1370.700	1124.574
376.000	698.240	-1366.600	1127.579
377.000	698.230	-1384.700	1130.585
378.000	698.220	-1367.800	1133.589
379.000	698.210	-1371.000	1136.594
380.000	698.200	-1370.100	1139.598
381.000	698.190	-1371.000	1142.601
382.000	698.180	-1432.400	1145.606
383.000	698.170	-1407.100	1148.610
384.000	698.160	-1431.600	1151.616
385.000	698.150	-1444.000	1154.619
386.000	698.140	-1421.300	1157.624
387.000	698.130	-1394.100	1160.628
388.000	698.120	-1392.600	1163.635
389.000	698.110	-1365.400	1166.641
390.000	698.100	-1361.700	1169.645
391.000	698.090	-1393.100	1172.507
392.000	698.080	-1402.300	1175.511
393.000	698.070	-1401.200	1178.515
394.000	698.060	-1374.600	1181.520
395.000	698.050	-1371.700	1184.524
396.000	698.040	-1384.900	1187.530
397.000	698.030	-1338.200	1190.534
398.000	698.020	-1308.800	1193.540
399.000	698.010	-1302.400	1196.546
400.000	698.000	-1319.400	1199.550
401.000	697.990	-1313.300	1202.555
402.000	697.980	-1304.800	1205.559
403.000	697.970	-1298.500	1208.564
404.000	697.960	-1304.700	1211.570
405.000	697.950	-1302.300	1214.573
406.000	697.940	-1297.800	1217.580
407.000	697.930	-1258.500	1220.585
408.000	697.920	-1261.900	1223.591
409.000	697.910	-1319.300	1226.595
410.000	697.900	-1319.300	1230.804
411.000	697.890	-1334.400	1232.526
412.000	697.880	-1312.300	1235.531
413.000	697.870	-1284.300	1238.535
414.000	697.860	-1272.600	1241.538
415.000	697.850	-1258.700	1244.541
416.000	697.840	-1284.800	1247.546
417.000	697.830	-1278.200	1250.551
418.000	697.820	-1296.200	1253.555
419.000	697.810	-1292.100	1256.559
420.000	697.800	-1274.800	1259.564
421.000	697.790	-1297.900	1262.569
422.000	697.780	-1278.700	1265.574
423.000	697.770	-1297.000	1268.579
424.000	697.760	-1334.500	1271.583
425.000	697.750	-1307.800	1274.587
426.000	697.740	-1282.200	1277.592
427.000	697.730	-1297.000	1280.595
428.000	697.720	-1286.500	1283.600
429.000	697.710	-1279.800	1286.605
430.000	697.700	-1287.000	1289.609
431.000	697.690	-1274.200	1292.613
432.000	697.680	-1291.100	1295.616
433.000	697.670	-1291.900	1298.621
434.000	697.660	-1287.000	1301.624
435.000	697.650	-1295.400	1304.629
436.000	697.640	-1272.200	1307.635
437.000	697.630	-1271.400	1310.639
438.000	697.620	-1285.700	1313.642
439.000	697.610	-1223.400	1316.644
440.000	697.600	-1248.500	1319.648
441.000	697.590	-1236.900	1322.510
442.000	697.580	-1255.200	1325.515
443.000	697.570	-1252.600	1328.519
444.000	697.560	-1239.100	1331.523
445.000	697.550	-1224.300	1334.528
446.000	697.540	-1224.900	1337.534
447.000	697.530	-1245.600	1340.539
448.000	697.520	-1224.500	1343.543
449.000	697.510	-1234.500	1346.546
450.000	697.500	-1249.700	1349.549
451.000	697.490	-1243.300	1352.554
452.000	697.480	-1229.200	1355.559
453.000	697.470	-1230.700	1358.565
454.000	697.460	-1240.000	1361.568
455.000	697.450	-1245.000	1364.573
456.000	697.440	-1217.600	1367.577
457.000	697.430	-1244.900	1370.581
458.000	697.420	-1245.900	1373.586
459.000	697.410	-1230.900	1376.589
460.000	697.400	-1252.600	1379.593
461.000	697.390	-1269.400	1382.596
462.000	697.380	-1292.200	1385.600
463.000	697.370	-1269.300	1388.605
464.000	697.360	-1253.500	1391.538
465.000	697.350	-1245.700	1394.543
466.000	697.340	-1227.700	1397.548
467.000	697.330	-1222.000	1400.552
468.000	697.320	-1242.000	1403.558
469.000	697.310	-1234.600	1406.562
470.000	697.300	-1235.700	1409.567
471.000	697.290	-1246.300	1412.572
472.000	697.280	-1225.800	1415.577
473.000	697.270	-1237.600	1418.582
474.000	697.260	-1224.700	1421.587
475.000	697.250	-1242.100	1424.592
476.000	697.240	-1239.500	1427.597
477.000	697.230	-1227.400	1430.602
478.000	697.220	-1226.100	1433.606
479.000	697.210	-1241.500	1436.504
480.000	697.200	-1230.100	1439.508
481.000	697.190	-1241.300	1442.513
482.000	697.180	-1290.300	1445.518
483.000	697.170	-1280.600	1448.524
484.000	697.160	-1257.000	1451.528
485.000	697.150	-1241.200	1454.533
486.000	697.140	-1223.100	1457.536
487.000	697.130	-1203.900	1460.541
488.000	697.120	-1221.700	1463.547
489.000	697.110	-1246.800	1466.551
490.000	697.100	-1289.700	1469.556
491.000	697.090	-1301.100	1472.561
492.000	697.080	-1320.500	1475.565
493.000	697.070	-1303.600	1478.570
494.000	697.060	-1298.700	1481.573
495.000	697.050	-1256.700	1484.577
496.000	697.040	-1237.700	1487.581
497.000	697.030	-1207.800	1490.586
498.000	697.020	-1198.000	1493.590
499.000	697.010	-1229.300	1496.595
500.000	697.000	-1204.000	1499.600
501.000	696.990	-1217.900	1502.604
502.000	696.980	-1240.900	1505.608
503.000	696.970	-1255.800	1508.613
504.000	696.960	-1253.000	1511.617
505.000	696.950	-1225.900	1514.623
506.000	696.940	-1209.400	1517.626
507.000	696.930	-1204.300	1520.631
508.000	696.920	-1171.500	1523.636
509.000	696.910	-1173.500	1526.641
510.000	696.900	-1183.500	1529.646
511.000	696.890	-1165.600	1532.510
512.000	696.880	-1129.100	1535.514
513.000	696.870	-1162.700	1538.517
514.000	696.860	-1219.800	1541.521
515.000	696.850	-1195.700	1544.526
516.000	696.840	-1218.900	1547.532
517.000	696.830	-1247.800	1550.538
518.000	696.820	-1250.400	1553.543
519.000	696.810	-1231.500	1556.547
520.000	696.800	-1223.600	1559.551
521.000	696.790	-1217.600	1562.556
522.000	696.780	-1224.800	1565.561
523.000	696.770	-1204.800	1568.566
524.000	696.760	-1203.800	1571.569
525.000	696.750	-1231.600	1574.574
526.000	696.740	-1248.000	1577.578
527.000	696.730	-1254.500	1580.582
528.000	696.720	-1198.300	1583.587
529.000	696.710	-1189.800	1586.592
530.000	696.700	-1187.500	1589.597
531.000	696.690	-1223.500	1592.600
532.000	696.680	-1235.600	1595.605
533.000	696.670	-1243.600	1598.609
534.000	696.660	-1231.600	1601.615
535.000	696.650	-1191.400	1604.619
536.000	696.640	-1209.600	1607.623
537.000	696.630	-1199.800	1610.628
538.000	696.620	-1217.000	1613.633
539.000	696.610	-1187.600	1616.638
540.000	696.600	-1183.300	1619.644
541.000	696.590	-1171.100	1622.505
542.000	696.580	-1154.600	1625.510
543.000	696.570	-1166.700	1628.515
544.000	696.560	-1180.800	1631.520
545.000	696.550	-1176.900	1634.525
546.000	696.540	-1168.500	1637.528
547.000	696.530	-1186.700	1640.532
548.000	696.520	-1175.900	1643.536
549.000	696.510	-1185.300	1646.541
550.000	696.500	-1205.200	1649.547
551.000	696.490	-1184.200	1652.552
552.000	696.480	-1185.200	1655.556
553.000	696.470	-1192.300	1658.561
554.000	696.460	-1174.600	1661.565
555.000	696.450	-1218.100	1664.570
556.000	696.440	-1221.000	1667.574
557.000	696.430	-1197.100	1670.578
558.000	696.420	-1223.900	1673.582
559.000	696.410	-1218.700	1676.586
560.000	696.400	-1250.100	1679.590
561.000	696.390	-1249.900	1682.593
562.000	696.380	-1221.400	1685.598
563.000	696.370	-1236.300	1688.603
564.000	696.360	-1216.100	1691.608
565.000	696.350	-1260.500	1694.613
566.000	696.340	-1216.200	1697.618
567.000	696.330	-1223.000	1700.624
568.000	696.320	-1219.600	1703.628
569.000	696.310	-1233.500	1706.634
570.000	696.300	-1235.100	1709.638
571.000	696.290	-1237.700	1712.643
572.000	696.280	-1249.900	1715.504
573.000	696.270	-1241.600	1718.507
574.000	696.260	-1251.400	1721.513
575.000	696.250	-1258.800	1724.518
576.000	696.240	-1285.300	1727.523
577.000	696.230	-1285.200	1730.527
578.000	696.220	-1301.300	1733.531
579.000	696.210	-1322.700	1736.535
580.000	696.200	-1290.300	1739.539
581.000	696.190	-1310.600	1742.546
582.000	696.180	-1314.900	1745.551
583.000	696.170	-1346.900	1748.555
584.000	696.160	-1361.300	1751.560
585.000	696.150	-1340.100	1754.563
586.000	696.140	-1330.200	1757.569
587.000	696.130	-1348.900	1760.575
588.000	696.120	-1325.000	1763.580
589.000	696.110	-1269.600	1766.584
590.000	696.100	-1231.400	1769.588
591.000	696.090	-1196.600	1772.593
592.000	696.080	-1132.400	1775.599
593.000	696.070	-1107.000	1778.603
594.000	696.060	-1093.800	1781.608
595.000	696.050	-1099.000	1784.611
596.000	696.040	-1074.400	1787.617
597.000	696.030	-1069.300	1790.621
598.000	696.020	-1078.000	1793.625
599.000	696.010	-1112.000	1796.629
600.000	696.000	-1092.600	1799.633
601.000	695.990	-1132.900	1802.638
602.000	695.980	-1158.200	1805.642
603.000	695.970	-1161.700	1808.645
604.000	695.960	-1186.300	1811.508
605.000	695.950	-1157.000	1814.511
606.000	695.940	-1163.000	1817.516
607.000	695.930	-1146.700	1820.519
608.000	695.920	-1137.200	1823.522
609.000	695.910	-1112.400	1826.527
610.000	695.900	-1094.600	1829.532
611.000	695.890	-1079.800	1832.536
612.000	695.880	-1082.200	1835.540
613.000	695.870	-1096.800	1838.543
614.000	695.860	-1106.200	1841.547
615.000	695.850	-1103.900	1844.551
616.000	695.840	-1115.200	1847.556
617.000	695.830	-1104.300	1850.560
618.000	695.820	-1095.300	1853.563
619.000	695.810	-1085.400	1856.567
620.000	695.800	-1071.600	1859.571
621.000	695.790	-1075.100	1862.577
622.000	695.780	-1073.500	1865.580
623.000	695.770	-1079.300	1868.584
624.000	695.760	-1098.800	1871.589
625.000	695.750	-1108.500	1874.592
626.000	695.740	-1104.700	1877.596
627.000	695.730	-1102.900	1880.601
628.000	695.720	-1111.600	1883.606
629.000	695.710	-1094.500	1886.610
630.000	695.700	-1094.600	1889.613
631.000	695.690	-1086.400	1892.617
632.000	695.680	-1107.100	1895.620
633.000	695.670	-1128.000	1898.626
634.000	695.660	-1149.600	1901.630
635.000	695.650	-1157.100	1904.632
636.000	695.640	-1151.600	1907.636
637.000	695.630	-1171.500	1910.640
638.000	695.620	-1169.500	1913.645
639.000	695.610	-1169.400	1916.507
640.000	695.600	-1151.000	1919.511
641.000	695.590	-1164.800	1922.515
642.000	695.580	-1144.900	1925.518
643.000	695.570	-1145.300	1928.522
644.000	695.560	-1143.400	1931.526
645.000	695.550	-1155.600	1934.531
646.000	695.540	-1151.800	1937.535
647.000	695.530	-1138.200	1940.538
648.000	695.520	-1109.500	1943.542
649.000	695.510	-1091.800	1946.546
650.000	695.500	-1092.300	1949.550
651.000	695.490	-1080.900	1952.554
652.000	695.480	-1109.000	1955.558
653.000	695.470	-1135.000	1958.561
654.000	695.460	-1131.900	1961.566
655.000	695.450	-1135.700	1964.570
656.000	695.440	-1119.800	1967.576
657.000	695.430	-1114.900	1970.581
658.000	695.420	-1114.300	1973.585
659.000	695.410	-1113.300	1976.591
660.000	695.400	-1120.600	1979.595
661.000	695.390	-1093.500	1982.599
662.000	695.380	-1075.300	1985.603
663.000	695.370	-1084.900	1988.607
664.000	695.360	-1095.200	1991.611
665.000	695.350	-1086.300	1994.613
666.000	695.340	-1071.700	1997.618
667.000	695.330	-1077.200	2000.622
668.000	695.320	-1114.300	2003.627
669.000	695.310	-1134.800	2006.630
670.000	695.300	-1120.100	2009.632
671.000	695.290	-1094.100	2012.636
672.000	695.280	-1129.300	2091.794
673.000	695.270	-1126.800	2093.516
674.000	695.260	-1157.900	2096.519
675.000	695.250	-1160.400	2099.523
676.000	695.240	-1160.900	2102.529
677.000	695.230	-1175.000	2105.534
678.000	695.220	-1166.900	2108.540
679.000	695.210	-1178.500	2111.542
680.000	695.200	-1135.700	2114.545
681.000	695.190	-1143.600	2117.550
682.000	695.180	-1158.400	2120.553
683.000	695.170	-1153.000	2123.558
684.000	695.160	-1120.200	2126.563
685.000	695.150	-1093.200	2129.567
686.000	695.140	-1088.200	2132.572
687.000	695.130	-1101.900	2135.575
688.000	695.120	-1130.500	2138.579
689.000	695.110	-1102.200	2141.582
690.000	695.100	-1082.700	2144.587
691.000	695.090	-1075.700	2147.593
692.000	695.080	-1044.500	2150.597
693.000	695.070	-1083.800	2153.602
694.000	695.060	-1110.500	2156.607
695.000	695.050	-1107.300	2159.613
696.000	695.040	-1117.200	2162.617
697.000	695.030	-1094.200	2165.621
698.000	695.020	-1105.300	2168.626
699.000	695.010	-1130.900	2171.630
700.000	695.000	-1141.200	2174.634
701.000	694.990	-1113.300	2177.640
702.000	694.980	-1103.200	2180.643
703.000	694.970	-1083.700	2183.504
704.000	694.960	-1074.000	2186.508
705.000	694.950	-1071.500	2189.513
706.000	694.940	-1055.300	2192.516
707.000	694.930	-1047.600	2195.522
708.000	694.920	-1032.600	2198.527
709.000	694.910	-1040.500	2201.530
710.000	694.900	-1036.100	2204.535
711.000	694.890	-1025.000	2207.538
712.000	694.880	-1049.700	2210.542
713.000	694.870	-1059.600	2213.547
714.000	694.860	-1058.800	2216.550
715.000	694.850	-1062.000	2219.556
716.000	694.840	-1035.800	2222.559
717.000	694.830	-1046.600	2225.563
718.000	694.820	-1033.400	2228.566
719.000	694.810	-1039.900	2231.570
720.000	694.800	-1050.400	2234.574
721.000	694.790	-1055.900	2237.578
722.000	694.780	-1025.600	2240.582
723.000	694.770	-1039.400	2243.586
724.000	694.760	-1038.600	2246.590
725.000	694.750	-1052.900	2249.596
726.000	694.740	-1031.300	2252.600
727.000	694.730	-1030.700	2255.604
728.000	694.720	-1022.900	2258.608
729.000	694.710	-1008.800	2261.611
730.000	694.700	-1034.900	2264.616
731.000	694.690	-1028.500	2267.619
732.000	694.680	-1013.100	2270.626
733.000	694.670	-1018.600	2273.630
734.000	694.660	-1014.600	2276.632
735.000	694.650	-1030.300	2279.636
736.000	694.640	-1056.700	2282.641
737.000	694.630	-1076.700	2285.644
738.000	694.620	-1073.100	2288.506
739.000	694.610	-1045.900	2291.509
740.000	694.600	-1042.100	2294.515
741.000	694.590	-1030.900	2297.518
742.000	694.580	-1024.700	2300.524
743.000	694.570	-990.900	2303.528
744.000	694.560	-994.300	2306.532
745.000	694.550	-1052.200	2309.537
746.000	694.540	-1070.100	2312.540
747.000	694.530	-1060.500	2315.546
748.000	694.520	-1078.800	2318.551
749.000	694.510	-1048.100	2321.555
750.000	694.500	-1021.900	2324.560
751.000	694.490	-1017.200	2327.564
752.000	694.480	-1025.100	2330.568
753.000	694.470	-1024.500	2333.572
754.000	694.460	-1036.700	2336.577
755.000	694.450	-1047.300	2339.582
756.000	694.440	-1035.900	2342.586
757.000	694.430	-1041.100	2345.590
758.000	694.420	-1000.200	2348.593
759.000	694.410	-982.100	2351.598
760.000	694.400	-970.800	2354.602
761.000	694.390	-992.100	2357.604
762.000	694.380	-983.600	2360.608
763.000	694.370	-977.700	2363.610
764.000	694.360	-986.000	2366.614
765.000	694.350	-1001.400	2369.618
766.000	694.340	-965.100	2372.620
767.000	694.330	-976.300	2375.624
768.000	694.320	-975.700	2378.627
769.000	694.310	-995.800	2381.631
770.000	694.300	-1007.800	2384.636
771.000	694.290	-995.300	2387.641
772.000	694.280	-1009.400	2390.645
773.000	694.270	-1027.500	2393.506
774.000	694.260	-996.700	2396.510
775.000	694.250	-1007.900	2399.515
776.000	694.240	-1004.300	2402.519
777.000	694.230	-1004.800	2405.524
778.000	694.220	-1010.800	2408.528
779.000	694.210	-966.400	2411.533
780.000	694.200	-957.700	2414.536
781.000	694.190	-969.200	2417.539
782.000	694.180	-987.400	2420.543
783.000	694.170	-959.600	2423.548
784.000	694.160	-970.500	2426.554
785.000	694.150	-972.200	2430.915
786.000	694.140	-978.800	2432.636
787.000	694.130	-946.400	2435.641
788.000	694.120	-939.200	2438.645
789.000	694.110	-955.400	2441.508
790.000	694.100	-949.400	2444.513
791.000	694.090	-959.900	2447.517
792.000	694.080	-968.900	2450.522
793.000	694.070	-930.200	2453.526
794.000	694.060	-965.200	2456.531
795.000	694.050	-939.600	2459.535
796.000	694.040	-963.200	2462.538
797.000	694.030	-932.800	2465.543
798.000	694.020	-945.000	2468.546
799.000	694.010	-949.300	2471.551
800.000	694.000	-941.000	2474.557
801.000	693.990	-923.900	2477.561
802.000	693.980	-920.900	2480.565
803.000	693.970	-915.100	2483.567
804.000	693.960	-935.900	2486.572
805.000	693.950	-921.900	2489.577
806.000	693.940	-910.800	2492.581
807.000	693.930	-911.300	2495.585
808.000	693.920	-918.800	2498.588
809.000	693.910	-912.600	2501.592
810.000	693.900	-893.800	2504.596
811.000	693.890	-917.900	2507.600
812.000	693.880	-929.900	2510.605
813.000	693.870	-922.400	2513.608
814.000	693.860	-891.900	2516.613
815.000	693.850	-898.100	2519.617
816.000	693.840	-894.500	2522.621
817.000	693.830	-893.100	2525.625
818.000	693.820	-909.400	2528.628
819.000	693.810	-903.100	2531.632
820.000	693.800	-913.200	2534.635
821.000	693.790	-929.800	2537.639
822.000	693.780	-901.300	2540.643
823.000	693.770	-899.600	2543.504
824.000	693.760	-885.600	2546.509
825.000	693.750	-871.400	2549.513
826.000	693.740	-844.400	2552.516
827.000	693.730	-875.500	2555.520
828.000	693.720	-878.900	2558.523
829.000	693.710	-873.500	2561.528
830.000	693.700	-867.500	2564.532
831.000	693.690	-875.600	2567.536
832.000	693.680	-871.500	2570.541
833.000	693.670	-865.900	2573.545
834.000	693.660	-880.100	2576.550
835.000	693.650	-873.000	2579.554
836.000	693.640	-860.700	2582.557
837.000	693.630	-878.500	2585.561
838.000	693.620	-880.100	2588.565
839.000	693.610	-887.100	2591.569
840.000	693.600	-898.600	2594.571
841.000	693.590	-903.300	2597.577
842.000	693.580	-903.400	2600.581
843.000	693.570	-903.300	2603.585
844.000	693.560	-878.600	2606.589
845.000	693.550	-890.000	2609.591
846.000	693.540	-884.700	2612.596
847.000	693.530	-873.300	2615.601
848.000	693.520	-887.700	2618.605
849.000	693.510	-885.600	2621.609
850.000	693.500	-906.400	2624.613
851.000	693.490	-901.200	2627.616
852.000	693.480	-901.800	2630.620
853.000	693.470	-908.200	2633.624
854.000	693.460	-894.300	2636.628
855.000	693.450	-869.300	2639.631
856.000	693.440	-870.900	2642.634
857.000	693.430	-875.400	2645.639
858.000	693.420	-887.400	2648.642
859.000	693.410	-885.700	2651.647
860.000	693.400	-880.600	2654.509
861.000	693.390	-869.000	2657.514
862.000	693.380	-906.100	2660.518
863.000	693.370	-925.600	2663.521
864.000	693.360	-953.800	2666.527
865.000	693.350	-932.900	2669.530
866.000	693.340	-902.400	2672.534
867.000	693.330	-895.800	2675.537
868.000	693.320	-902.900	2678.541
869.000	693.310	-893.800	2681.546
870.000	693.300	-901.800	2684.550
871.000	693.290	-902.700	2687.553
872.000	693.280	-921.700	2690.556
873.000	693.270	-934.000	2693.560
874.000	693.260	-940.900	2696.565
875.000	693.250	-940.500	2699.568
876.000	693.240	-984.600	2702.574
877.000	693.230	-985.600	2705.577
878.000	693.220	-980.200	2708.581
879.000	693.210	-967.900	2711.585
880.000	693.200	-981.500	2714.588
881.000	693.190	-1001.500	2717.592
882.000	693.180	-1005.300	2720.596
883.000	693.170	-1001.500	2723.600
884.000	693.160	-1007.000	2726.603
885.000	693.150	-990.300	2729.606
886.000	693.140	-974.900	2732.611
887.000	693.130	-1000.000	2735.614
888.000	693.120	-1022.000	2738.619
889.000	693.110	-1017.900	2741.623
890.000	693.100	-1038.900	2744.626
891.000	693.090	-1026.400	2747.630
892.000	693.080	-1023.600	2750.633
893.000	693.070	-1003.900	2753.637
894.000	693.060	-983.100	2756.642
895.000	693.050	-992.200	2759.646
896.000	693.040	-999.200	2762.507
897.000	693.030	-962.600	2765.510
898.000	693.020	-1001.100	2768.513
899.000	693.010	-1013.300	2771.520
900.000	693.000	-1000.600	2774.523
901.000	692.990	-1003.900	2777.528
902.000	692.980	-995.200	2780.532
903.000	692.970	-980.900	2783.537
904.000	692.960	-993.600	2786.542
905.000	692.950	-997.200	2789.545
906.000	692.940	-992.400	2792.550
907.000	692.930	-976.800	2795.554
908.000	692.920	-1019.800	2798.559
909.000	692.910	-1036.000	2801.563
910.000	692.900	-1020.800	2804.567
911.000	692.890	-1031.800	2807.572
912.000	692.880	-1022.700	2810.576
913.000	692.870	-1004.100	2813.581
914.000	692.860	-1029.400	2816.585
915.000	692.850	-1048.200	2819.588
916.000	692.840	-1005.400	2822.593
917.000	692.830	-1012.700	2825.597
918.000	692.820	-1018.600	2828.601
919.000	692.810	-1007.200	2831.603
920.000	692.800	-994.400	2834.607
921.000	692.790	-1006.800	2837.611
922.000	692.780	-1026.700	2840.614
923.000	692.770	-1054.400	2843.620
924.000	692.760	-1065.500	2846.624
925.000	692.750	-1048.100	2849.629
926.000	692.740	-1068.400	2852.635
927.000	692.730	-1045.200	2855.639
928.000	692.720	-1036.800	2858.645
929.000	692.710	-1022.400	2861.506
930.000	692.700	-1020.200	2864.512
931.000	692.690	-1015.500	2867.516
932.000	692.680	-1035.800	2870.519
933.000	692.670	-1045.900	2873.523
934.000	692.660	-1026.900	2876.527
935.000	692.650	-1044.600	2879.532
936.000	692.640	-1015.100	2882.536
937.000	692.630	-1011.400	2885.538
938.000	692.620	-1022.200	2888.542
939.000	692.610	-1037.300	2891.545
940.000	692.600	-1021.700	2894.551
941.000	692.590	-1027.100	2897.554
942.000	692.580	-1036.900	2900.558
943.000	692.570	-1033.000	2903.562
944.000	692.560	-1027.800	2906.566
945.000	692.550	-1004.400	2909.569
946.000	692.540	-1034.500	2912.574
947.000	692.530	-1032.800	2915.577
948.000	692.520	-1029.700	2918.582
949.000	692.510	-1033.900	2921.586
950.000	692.500	-1032.800	2924.590
951.000	692.490	-1011.700	2927.594
952.000	692.480	-1014.000	2930.599
953.000	692.470	-1014.800	2933.604
954.000	692.460	-1027.300	2936.607
955.000	692.450	-1001.200	2939.611
956.000	692.440	-1010.300	2942.615
957.000	692.430	-989.800	2945.619
958.000	692.420	-990.000	2948.623
959.000	692.410	-993.800	2951.627
960.000	692.400	-1030.700	2954.629
961.000	692.390	-998.600	2957.633
962.000	692.380	-995.100	2960.636
963.000	692.370	-968.900	2963.641
964.000	692.360	-971.600	2966.645
965.000	692.350	-989.600	2969.506
966.000	692.340	-976.200	2972.510
967.000	692.330	-984.500	2975.515
968.000	692.320	-957.500	2978.519
969.000	692.310	-963.200	2981.522
970.000	692.300	-956.800	2984.527
971.000	692.290	-959.300	2987.531
972.000	692.280	-946.700	2990.536
973.000	692.270	-936.500	2993.538
974.000	692.260	-948.100	2996.541
975.000	692.250	-964.200	2999.547
976.000	692.240	-975.800	3002.551
977.000	692.230	-955.600	3005.556
978.000	692.220	-941.700	3008.560
979.000	692.210	-926.900	3011.564
980.000	692.200	-949.100	3014.569
981.000	692.190	-924.400	3017.573
982.000	692.180	-929.500	3020.577
983.000	692.170	-953.200	3023.580
984.000	692.160	-927.400	3026.584
985.000	692.150	-943.400	3029.588
986.000	692.140	-966.500	3032.591
987.000	692.130	-946.400	3035.595
988.000	692.120	-969.600	3038.600
989.000	692.110	-967.500	3041.603
990.000	692.100	-971.900	3044.608
991.000	692.090	-958.700	3047.610
992.000	692.080	-966.200	3050.614
993.000	692.070	-945.600	3053.618
994.000	692.060	-965.100	3056.621
995.000	692.050	-971.900	3059.626
996.000	692.040	-979.900	3062.629
997.000	692.030	-967.600	3065.632
998.000	692.020	-960.400	3068.637
999.000	692.010	-953.000	3071.640
1000.000	692.000	-956.100	3074.644
1001.000	691.990	-970.700	3077.648
1002.000	691.980	-938.300	3080.509
1003.000	691.970	-943.200	3083.513
1004.000	691.960	-946.000	3086.517
1005.000	691.950	-939.200	3089.522
1006.000	691.940	-938.300	3092.525
1007.000	691.930	-937.300	3095.529
1008.000	691.920	-931.500	3098.531
1009.000	691.910	-938.400	3101.534
1010.000	691.900	-945.500	3104.540
1011.000	691.890	-967.600	3107.543
1012.000	691.880	-965.200	3110.546
1013.000	691.870	-970.800	3113.550
1014.000	691.860	-990.500	3116.553
1015.000	691.850	-966.500	3119.555
1016.000	691.840	-962.400	3122.560
1017.000	691.830	-963.200	3125.565
1018.000	691.820	-957.400	3128.569
1019.000	691.810	-949.700	3131.572
1020.000	691.800	-967.200	3134.576
1021.000	691.790	-974.600	3137.579
1022.000	691.780	-947.300	3140.586
1023.000	691.770	-964.100	3143.590
1024.000	691.760	-956.600	3146.594
1025.000	691.750	-939.800	3149.598
1026.000	691.740	-931.300	3152.601
1027.000	691.730	-931.000	3155.605
1028.000	691.720	-904.500	3158.610
1029.000	691.710	-909.100	3161.615
1030.000	691.700	-926.300	3164.620
1031.000	691.690	-949.600	3167.624
1032.000	691.680	-949.100	3170.630
1033.000	691.670	-946.100	3173.635
1034.000	691.660	-960.600	3176.639
1035.000	691.650	-959.100	3179.644
1036.000	691.640	-964.500	3182.506
1037.000	691.630	-956.800	3185.511
1038.000	691.620	-963.300	3188.515
1039.000	691.610	-968.500	3191.521
1040.000	691.600	-972.400	3194.526
1041.000	691.590	-993.700	3197.528
1042.000	691.580	-976.800	3200.532
1043.000	691.570	-975.300	3203.535
1044.000	691.560	-980.200	3206.539
1045.000	691.550	-976.400	3209.545
1046.000	691.540	-960.100	3212.547
1047.000	691.530	-983.000	3215.551
1048.000	691.520	-988.700	3218.554
1049.000	691.510	-996.200	3221.559
1050.000	691.500	-1002.100	3224.563
1051.000	691.490	-984.500	3227.567
1052.000	691.480	-984.900	3230.570
1053.000	691.470	-983.200	3233.573
1054.000	691.460	-982.800	3236.577
1055.000	691.450	-977.000	3239.581
1056.000	691.440	-986.400	3242.584
1057.000	691.430	-1006.700	3245.590
1058.000	691.420	-1015.900	3248.593
1059.000	691.410	-1004.800	3251.598
1060.000	691.400	-1002.300	3254.602
1061.000	691.390	-977.200	3257.606
1062.000	691.380	-949.000	3260.611
1063.000	691.370	-945.300	3263.614
1064.000	691.360	-974.500	3266.620
1065.000	691.350	-997.100	3269.624
1066.000	691.340	-989.700	3272.626
1067.000	691.330	-988.600	3275.630
1068.000	691.320	-954.300	3278.634
1069.000	691.310	-962.800	3281.638
1070.000	691.300	-966.100	3284.643
1071.000	691.290	-987.200	3287.649
1072.000	691.280	-966.600	3290.509
1073.000	691.270	-969.200	3293.512
1074.000	691.260	-986.700	3296.517
1075.000	691.250	-980.300	3299.519
1076.000	691.240	-988.500	3302.524
1077.000	691.230	-976.500	3305.528
1078.000	691.220	-972.000	3308.531
1079.000	691.210	-984.000	3311.534
1080.000	691.200	-962.200	3314.537
1081.000	691.190	-975.600	3317.541
1082.000	691.180	-988.400	3320.545
1083.000	691.170	-962.400	3323.548
1084.000	691.160	-966.100	3326.552
1085.000	691.150	-966.400	3329.556
1086.000	691.140	-982.300	3332.561
1087.000	691.130	-1004.700	3335.565
1088.000	691.120	-991.600	3338.569
1089.000	691.110	-988.900	3341.573
1090.000	691.100	-979.000	3344.577
1091.000	691.090	-978.700	3347.582
1092.000	691.080	-987.600	3350.587
1093.000	691.070	-982.400	3353.589
1094.000	691.060	-968.300	3356.594
1095.000	691.050	-982.200	3359.595
1096.000	691.040	-981.500	3362.598
1097.000	691.030	-992.000	3365.603
1098.000	691.020	-1009.700	3368.606
1099.000	691.010	-1023.000	3371.609
1100.000	691.000	-1008.000	3374.612
1101.000	690.990	-997.800	3377.616
1102.000	690.980	-989.500	3380.621
1103.000	690.970	-972.500	3383.624
1104.000	690.960	-958.500	3386.629
1105.000	690.950	-945.600	3389.634
1106.000	690.940	-954.700	3392.638
1107.000	690.930	-959.500	3395.643
1108.000	690.920	-954.700	3398.504
1109.000	690.910	-957.000	3401.510
1110.000	690.900	-974.900	3404.513
1111.000	690.890	-959.700	3407.516
1112.000	690.880	-971.800	3410.520
1113.000	690.870	-976.100	3413.523
1114.000	690.860	-980.400	3416.528
1115.000	690.850	-990.700	3419.532
1116.000	690.840	-979.200	3422.536
1117.000	690.830	-953.800	3425.540
1118.000	690.820	-944.900	3428.544
1119.000	690.810	-968.000	3431.548
1120.000	690.800	-972.400	3434.550
1121.000	690.790	-932.700	3437.556
1122.000	690.780	-922.100	3440.560
1123.000	690.770	-919.700	3443.564
1124.000	690.760	-931.100	3446.569
1125.000	690.750	-921.000	3449.572
1126.000	690.740	-935.300	3452.575
1127.000	690.730	-953.700	3455.580
1128.000	690.720	-963.700	3458.583
1129.000	690.710	-984.000	3461.588
1130.000	690.700	-969.700	3464.591
1131.000	690.690	-955.900	3467.594
1132.000	690.680	-939.100	3470.599
1133.000	690.670	-932.700	3473.603
1134.000	690.660	-962.300	3476.606
1135.000	690.650	-942.100	3479.609
1136.000	690.640	-968.900	3482.613
1137.000	690.630	-954.000	3485.616
1138.000	690.620	-957.000	3488.620
1139.000	690.610	-963.000	3491.624
1140.000	690.600	-963.300	3494.627
1141.000	690.590	-980.100	3497.631
1142.000	690.580	-987.200	3500.634
1143.000	690.570	-990.500	3503.638
1144.000	690.560	-991.200	3506.643
1145.000	690.550	-983.900	3509.646
1146.000	690.540	-993.300	3512.508
1147.000	690.530	-987.000	3515.511
1148.000	690.520	-1015.900	3518.515
1149.000	690.510	-1024.300	3521.518
1150.000	690.500	-1002.800	3524.523
1151.000	690.490	-978.300	3527.527
1152.000	690.480	-953.200	3530.531
1153.000	690.470	-945.400	3533.535
1154.000	690.460	-951.400	3536.539
1155.000	690.450	-940.700	3539.542
1156.000	690.440	-949.300	3542.548
1157.000	690.430	-930.000	3545.551
1158.000	690.420	-929.200	3548.556
1159.000	690.410	-912.800	3551.558
1160.000	690.400	-923.300	3554.561
1161.000	690.390	-944.600	3557.565
1162.000	690.380	-954.100	3560.569
1163.000	690.370	-932.000	3563.571
1164.000	690.360	-936.700	3566.575
1165.000	690.350	-918.000	3569.578
1166.000	690.340	-925.600	3572.582
1167.000	690.330	-926.800	3575.587
1168.000	690.320	-946.800	3578.591
1169.000	690.310	-938.200	3581.595
1170.000	690.300	-933.000	3584.598
1171.000	690.290	-907.100	3587.603
1172.000	690.280	-898.200	3590.606
1173.000	690.270	-896.100	3593.613
1174.000	690.260	-894.200	3596.617
1175.000	690.250	-874.700	3599.620
1176.000	690.240	-866.300	3602.622
1177.000	690.230	-854.800	3605.624
1178.000	690.220	-864.600	3608.629
1179.000	690.210	-883.400	3611.634
1180.000	690.200	-884.800	3614.637
1181.000	690.190	-893.100	3617.642
1182.000	690.180	-917.500	3620.644
1183.000	690.170	-932.900	3623.505
1184.000	690.160	-945.200	3626.650
1185.000	690.150	-938.100	3630.864
1186.000	690.140	-929.400	3632.586
1187.000	690.130	-895.100	3635.590
1188.000	690.120	-912.200	3638.595
1189.000	690.110	-928.100	3641.598
1190.000	690.100	-908.900	3644.602
1191.000	690.090	-897.200	3647.607
1192.000	690.080	-891.900	3650.610
1193.000	690.070	-894.300	3653.614
1194.000	690.060	-881.200	3656.618
1195.000	690.050	-909.100	3659.621
1196.000	690.040	-894.300	3662.626
1197.000	690.030	-884.100	3665.629
1198.000	690.020	-863.000	3668.635
1199.000	690.010	-868.300	3671.638
1200.000	690.000	-876.500	3674.642
1201.000	689.990	0.000	3677.646
