0.000	704.000	-966.800	0.000
1.000	704.010	-976.800	3.014
2.000	704.020	-973.900	6.034
3.000	704.030	-974.200	9.054
4.000	704.040	-981.400	12.076
5.000	704.050	-977.200	15.094
6.000	704.060	-967.900	17.973
7.000	704.070	-982.500	20.991
8.000	704.080	-950.300	24.013
9.000	704.090	-949.600	27.034
10.000	704.100	-941.900	30.051
11.000	704.110	-943.900	33.071
12.000	704.120	-971.400	36.090
13.000	704.130	-945.100	38.967
14.000	704.140	-958.300	41.986
15.000	704.150	-967.600	45.007
16.000	704.160	-957.000	48.027
17.000	704.170	-957.500	51.047
18.000	704.180	-953.800	54.068
19.000	704.190	-941.800	57.088
20.000	704.200	-936.000	60.106
21.000	704.210	-945.500	62.984
22.000	704.220	-927.600	66.002
23.000	704.230	-929.600	69.022
24.000	704.240	-889.000	72.043
25.000	704.250	-927.600	75.062
26.000	704.260	-934.200	78.083
27.000	704.270	-926.800	81.103
28.000	704.280	-927.400	83.982
29.000	704.290	-916.000	87.001
30.000	704.300	-904.700	90.022
31.000	704.310	-935.200	93.043
32.000	704.320	-902.600	96.063
33.000	704.330	-896.800	99.084
34.000	704.340	-903.700	102.103
35.000	704.350	-911.600	104.981
36.000	704.360	-919.500	108.000
37.000	704.370	-954.700	111.019
38.000	704.380	-946.400	114.040
39.000	704.390	-977.700	117.059
40.000	704.400	-937.700	120.081
41.000	704.410	-926.400	123.102
42.000	704.420	-919.600	125.978
43.000	704.430	-896.500	128.998
44.000	704.440	-908.500	132.018
45.000	704.450	-891.800	135.040
46.000	704.460	-893.700	138.059
47.000	704.470	-875.000	141.079
48.000	704.480	-899.800	144.100
49.000	704.490	-938.100	146.977
50.000	704.500	-900.100	149.998
51.000	704.510	-879.500	153.019
52.000	704.520	-886.500	156.040
53.000	704.530	-862.700	159.060
54.000	704.540	-828.400	162.079
55.000	704.550	-832.500	165.098
56.000	704.560	-816.900	167.977
57.000	704.570	-850.800	170.997
58.000	704.580	-840.100	174.016
59.000	704.590	-847.900	177.035
60.000	704.600	-841.800	180.055
61.000	704.610	-852.300	183.074
62.000	704.620	-845.300	186.095
63.000	704.630	-836.600	188.972
64.000	704.640	-823.200	191.991
65.000	704.650	-826.800	195.011
66.000	704.660	-817.900	198.032
67.000	704.670	-815.600	201.051
68.000	704.680	-810.000	204.073
69.000	704.690	-807.800	207.093
70.000	704.700	-808.400	209.970
71.000	704.710	-786.800	212.989
72.000	704.720	-758.000	216.008
73.000	704.730	-757.200	219.030
74.000	704.740	-747.400	222.050
75.000	704.750	-784.000	225.071
76.000	704.760	-785.200	228.091
77.000	704.770	-799.400	231.109
78.000	704.780	-786.800	233.988
79.000	704.790	-746.100	237.007
80.000	704.800	-757.800	240.026
81.000	704.810	-744.200	243.047
82.000	704.820	-746.800	246.066
83.000	704.830	-734.100	249.084
84.000	704.840	-773.300	252.104
85.000	704.850	-824.600	254.981
86.000	704.860	-757.600	258.000
87.000	704.870	-708.700	261.021
88.000	704.880	-690.800	264.039
89.000	704.890	-708.200	267.059
90.000	704.900	-707.000	270.078
91.000	704.910	-728.000	273.097
92.000	704.920	-758.700	275.976
93.000	704.930	-721.300	278.995
94.000	704.940	-674.200	282.014
95.000	704.950	-648.300	285.036
96.000	704.960	-638.700	288.054
97.000	704.970	-694.500	291.075
98.000	704.980	-708.300	294.096
99.000	704.990	-716.000	296.973
100.000	705.000	-750.000	299.993
101.000	705.010	-750.100	303.013
102.000	705.020	-743.000	306.035
103.000	705.030	-771.000	309.054
104.000	705.040	-736.400	312.073
105.000	705.050	-737.100	315.093
106.000	705.060	-735.800	317.970
107.000	705.070	-733.000	320.991
108.000	705.080	-731.700	324.012
109.000	705.090	-736.100	327.033
110.000	705.100	-751.300	330.054
111.000	705.110	-800.300	333.073
112.000	705.120	-807.500	336.093
113.000	705.130	-807.300	338.970
114.000	705.140	-807.900	341.991
115.000	705.150	-796.600	345.012
116.000	705.160	-771.600	348.032
117.000	705.170	-764.800	351.051
118.000	705.180	-747.200	354.072
119.000	705.190	-745.200	357.092
120.000	705.200	-725.600	359.971
121.000	705.210	-732.100	362.989
122.000	705.220	-729.200	366.009
123.000	705.230	-775.700	369.029
124.000	705.240	-780.700	372.050
125.000	705.250	-805.700	375.070
126.000	705.260	-820.900	378.090
127.000	705.270	-812.500	381.111
128.000	705.280	-772.200	383.988
129.000	705.290	-794.800	387.009
130.000	705.300	-806.700	390.027
131.000	705.310	-845.500	393.046
132.000	705.320	-845.800	396.068
133.000	705.330	-850.000	399.088
134.000	705.340	-872.800	402.108
135.000	705.350	-866.600	404.984
136.000	705.360	-870.200	408.004
137.000	705.370	-885.300	411.025
138.000	705.380	-880.600	414.044
139.000	705.390	-888.600	417.063
140.000	705.400	-889.500	420.084
141.000	705.410	-900.100	423.104
142.000	705.420	-908.500	425.982
143.000	705.430	-920.700	429.001
144.000	705.440	-924.600	432.021
145.000	705.450	-929.400	435.040
146.000	705.460	-943.500	438.061
147.000	705.470	-937.100	443.008
148.000	705.480	-937.300	444.030
149.000	705.490	-959.900	447.052
150.000	705.500	-958.700	450.071
151.000	705.510	-958.500	453.093
152.000	705.520	-946.600	455.970
153.000	705.530	-915.900	458.989
154.000	705.540	-910.700	462.010
155.000	705.550	-886.500	465.033
156.000	705.560	-905.800	468.052
157.000	705.570	-894.500	471.074
158.000	705.580	-912.700	474.096
159.000	705.590	-922.200	476.974
160.000	705.600	-913.000	479.994
161.000	705.610	-927.700	483.015
162.000	705.620	-929.400	486.034
163.000	705.630	-915.400	489.054
164.000	705.640	-926.300	492.076
165.000	705.650	-923.000	495.095
166.000	705.660	-914.200	497.973
167.000	705.670	-911.100	500.993
168.000	705.680	-907.400	504.012
169.000	705.690	-920.100	507.034
170.000	705.700	-933.400	510.054
171.000	705.710	-902.500	513.074
172.000	705.720	-913.400	516.096
173.000	705.730	-888.600	518.974
174.000	705.740	-882.500	521.995
175.000	705.750	-856.800	525.016
176.000	705.760	-843.600	528.037
177.000	705.770	-850.800	531.058
178.000	705.780	-870.900	534.078
179.000	705.790	-866.700	537.101
180.000	705.800	-903.600	539.978
181.000	705.810	-909.500	542.999
182.000	705.820	-902.400	546.019
183.000	705.830	-921.000	549.039
184.000	705.840	-903.000	552.062
185.000	705.850	-884.500	555.082
186.000	705.860	-903.500	558.103
187.000	705.870	-911.400	560.980
188.000	705.880	-898.900	564.001
189.000	705.890	-900.900	567.023
190.000	705.900	-915.500	570.043
191.000	705.910	-909.900	573.062
192.000	705.920	-910.600	576.081
193.000	705.930	-919.300	579.101
194.000	705.940	-944.300	581.978
195.000	705.950	-938.400	584.999
196.000	705.960	-940.700	588.019
197.000	705.970	-959.800	591.041
198.000	705.980	-991.500	594.062
199.000	705.990	-977.200	597.082
200.000	706.000	-982.200	600.101
201.000	706.010	-1005.300	602.978
202.000	706.020	-978.600	606.000
203.000	706.030	-976.000	609.020
204.000	706.040	-967.600	612.042
205.000	706.050	-980.300	615.064
206.000	706.060	-960.400	618.085
207.000	706.070	-978.600	621.110
208.000	706.080	-969.800	623.986
209.000	706.090	-962.500	627.006
210.000	706.100	-927.500	630.024
211.000	706.110	-932.100	633.043
212.000	706.120	-911.100	636.065
213.000	706.130	-879.700	639.084
214.000	706.140	-876.100	642.105
215.000	706.150	-884.100	644.982
216.000	706.160	-897.500	648.002
217.000	706.170	-894.000	651.023
218.000	706.180	-881.500	654.043
219.000	706.190	-833.900	657.066
220.000	706.200	-826.900	660.085
221.000	706.210	-823.600	663.106
222.000	706.220	-829.400	665.984
223.000	706.230	-851.500	669.003
224.000	706.240	-876.600	672.023
225.000	706.250	-901.600	675.043
226.000	706.260	-907.500	678.065
227.000	706.270	-909.500	681.085
228.000	706.280	-906.600	684.106
229.000	706.290	-912.000	686.983
230.000	706.300	-891.500	690.002
231.000	706.310	-871.800	693.024
232.000	706.320	-893.500	696.045
233.000	706.330	-884.200	699.065
234.000	706.340	-896.900	702.083
235.000	706.350	-901.800	705.103
236.000	706.360	-862.500	707.982
237.000	706.370	-868.400	711.004
238.000	706.380	-827.100	714.025
239.000	706.390	-807.500	717.044
240.000	706.400	-825.600	720.066
241.000	706.410	-819.600	723.086
242.000	706.420	-841.700	726.107
243.000	706.430	-846.800	728.986
244.000	706.440	-828.300	732.007
245.000	706.450	-831.700	735.025
246.000	706.460	-789.500	738.043
247.000	706.470	-757.100	741.064
248.000	706.480	-760.700	744.085
249.000	706.490	-772.400	747.105
250.000	706.500	-810.500	749.982
251.000	706.510	-819.400	753.001
252.000	706.520	-842.500	756.021
253.000	706.530	-840.000	759.043
254.000	706.540	-857.800	762.065
255.000	706.550	-855.300	765.082
256.000	706.560	-811.900	768.104
257.000	706.570	-807.600	770.981
258.000	706.580	-820.500	774.002
259.000	706.590	-817.200	777.023
260.000	706.600	-830.100	780.044
261.000	706.610	-810.300	783.067
262.000	706.620	-791.200	786.086
263.000	706.630	-793.800	789.106
264.000	706.640	-776.600	791.986
265.000	706.650	-787.500	795.005
266.000	706.660	-782.500	798.027
267.000	706.670	-794.000	801.047
268.000	706.680	-784.900	804.067
269.000	706.690	-839.800	807.087
270.000	706.700	-855.000	810.108
271.000	706.710	-864.700	812.986
272.000	706.720	-869.200	816.006
273.000	706.730	-852.500	819.027
274.000	706.740	-861.200	822.048
275.000	706.750	-842.700	825.068
276.000	706.760	-828.300	828.090
277.000	706.770	-824.800	831.110
278.000	706.780	-800.400	833.988
279.000	706.790	-789.300	837.008
280.000	706.800	-786.900	840.027
281.000	706.810	-812.900	843.048
282.000	706.820	-795.100	846.068
283.000	706.830	-803.500	849.091
284.000	706.840	-817.200	851.971
285.000	706.850	-808.200	854.990
286.000	706.860	-826.700	858.012
287.000	706.870	-818.900	861.032
288.000	706.880	-820.400	864.053
289.000	706.890	-810.400	867.074
290.000	706.900	-814.200	870.095
291.000	706.910	-847.200	872.972
292.000	706.920	-872.700	875.992
293.000	706.930	-859.200	879.011
294.000	706.940	-866.300	882.033
295.000	706.950	-840.700	885.054
296.000	706.960	-843.100	888.076
297.000	706.970	-823.500	891.095
298.000	706.980	-824.300	893.973
299.000	706.990	-820.100	896.993
300.000	707.000	-814.500	900.014
301.000	707.010	-790.100	903.037
302.000	707.020	-774.500	906.057
303.000	707.030	-707.300	909.079
304.000	707.040	-688.300	912.100
305.000	707.050	-684.900	914.977
306.000	707.060	-698.100	917.999
307.000	707.070	-710.200	921.019
308.000	707.080	-710.400	924.039
309.000	707.090	-709.800	927.059
310.000	707.100	-741.300	930.080
311.000	707.110	-752.100	933.100
312.000	707.120	-762.000	935.979
313.000	707.130	-738.300	938.999
314.000	707.140	-730.100	942.018
315.000	707.150	-714.900	945.037
316.000	707.160	-728.400	948.057
317.000	707.170	-719.000	951.077
318.000	707.180	-729.300	954.099
319.000	707.190	-750.500	956.977
320.000	707.200	-750.300	959.996
321.000	707.210	-747.400	963.017
322.000	707.220	-783.200	966.037
323.000	707.230	-764.000	969.057
324.000	707.240	-741.100	972.077
325.000	707.250	-742.500	975.098
326.000	707.260	-713.500	977.976
327.000	707.270	-732.900	980.995
328.000	707.280	-724.100	984.014
329.000	707.290	-749.100	987.033
330.000	707.300	-775.600	990.054
331.000	707.310	-766.500	993.076
332.000	707.320	-784.200	996.095
333.000	707.330	-768.300	998.974
334.000	707.340	-759.300	1001.994
335.000	707.350	-730.100	1005.014
336.000	707.360	-735.700	1008.036
337.000	707.370	-724.800	1011.056
338.000	707.380	-766.400	1014.075
339.000	707.390	-796.200	1017.096
340.000	707.400	-824.100	1019.976
341.000	707.410	-815.600	1022.996
342.000	707.420	-834.400	1026.015
343.000	707.430	-819.900	1029.037
344.000	707.440	-818.400	1032.057
345.000	707.450	-829.000	1035.078
346.000	707.460	-825.000	1038.097
347.000	707.470	-829.600	1040.975
348.000	707.480	-825.400	1043.993
349.000	707.490	-800.900	1047.013
350.000	707.500	-776.800	1050.034
351.000	707.510	-756.400	1053.053
352.000	707.520	-744.200	1056.073
353.000	707.530	-750.500	1059.093
354.000	707.540	-796.900	1061.969
355.000	707.550	-811.100	1064.990
356.000	707.560	-825.200	1068.008
357.000	707.570	-836.800	1071.027
358.000	707.580	-857.400	1074.048
359.000	707.590	-848.700	1077.068
360.000	707.600	-884.200	1080.090
361.000	707.610	-917.200	1083.107
362.000	707.620	-912.100	1085.985
363.000	707.630	-873.500	1089.004
364.000	707.640	-819.400	1092.023
365.000	707.650	-812.800	1095.044
366.000	707.660	-810.600	1098.063
367.000	707.670	-834.000	1101.083
368.000	707.680	-872.900	1104.106
369.000	707.690	-890.700	1106.982
370.000	707.700	-863.000	1110.002
371.000	707.710	-870.900	1113.024
372.000	707.720	-905.100	1116.044
373.000	707.730	-924.000	1119.063
374.000	707.740	-974.800	1122.084
375.000	707.750	-940.300	1125.104
376.000	707.760	-956.500	1127.982
377.000	707.770	-974.100	1131.004
378.000	707.780	-971.600	1134.024
379.000	707.790	-953.900	1137.044
380.000	707.800	-970.200	1140.064
381.000	707.810	-966.500	1143.086
382.000	707.820	-946.500	1146.106
383.000	707.830	-964.400	1148.984
384.000	707.840	-969.100	1152.005
385.000	707.850	-959.600	1155.024
386.000	707.860	-977.700	1158.045
387.000	707.870	-997.500	1161.066
388.000	707.880	-1005.900	1164.086
389.000	707.890	-1013.800	1167.107
390.000	707.900	-1020.900	1169.985
391.000	707.910	-978.400	1173.006
392.000	707.920	-970.700	1176.026
393.000	707.930	-973.500	1179.046
394.000	707.940	-974.900	1182.067
395.000	707.950	-976.600	1185.088
396.000	707.960	-980.100	1188.107
397.000	707.970	-995.500	1190.985
398.000	707.980	-997.600	1194.006
399.000	707.990	-1016.700	1197.025
400.000	708.000	-998.300	1200.048
401.000	708.010	-992.400	1203.068
402.000	708.020	-988.600	1206.087
403.000	708.030	-990.500	1209.108
404.000	708.040	-966.000	1211.986
405.000	708.050	-933.300	1215.008
406.000	708.060	-934.900	1218.028
407.000	708.070	-943.700	1221.049
408.000	708.080	-952.200	1224.070
409.000	708.090	-942.700	1227.090
410.000	708.100	-973.300	1229.969
411.000	708.110	-1004.500	1232.989
412.000	708.120	-1019.100	1236.011
413.000	708.130	-1018.100	1239.030
414.000	708.140	-1003.000	1242.052
415.000	708.150	-1024.200	1245.071
416.000	708.160	-1070.500	1248.091
417.000	708.170	-1053.100	1250.970
418.000	708.180	-1015.600	1253.992
419.000	708.190	-997.200	1257.012
420.000	708.200	-991.600	1260.031
421.000	708.210	-996.200	1263.050
422.000	708.220	-1019.300	1266.070
423.000	708.230	-1019.100	1269.091
424.000	708.240	-1018.200	1272.113
425.000	708.250	-1021.200	1274.990
426.000	708.260	-1013.200	1278.011
427.000	708.270	-949.500	1281.032
428.000	708.280	-920.800	1284.052
429.000	708.290	-975.500	1287.074
430.000	708.300	-1015.000	1290.094
431.000	708.310	-1028.700	1292.974
432.000	708.320	-1061.100	1295.995
433.000	708.330	-1073.100	1299.014
434.000	708.340	-1063.800	1302.034
435.000	708.350	-1062.900	1305.056
436.000	708.360	-1045.400	1308.076
437.000	708.370	-1039.700	1311.098
438.000	708.380	-1043.000	1313.976
439.000	708.390	-1042.500	1316.995
440.000	708.400	-1040.900	1320.015
441.000	708.410	-1024.900	1323.037
442.000	708.420	-1021.100	1326.056
443.000	708.430	-1041.600	1329.076
444.000	708.440	-1032.200	1332.098
445.000	708.450	-1038.700	1334.976
446.000	708.460	-1025.100	1337.994
447.000	708.470	-1028.500	1341.015
448.000	708.480	-1026.100	1344.036
449.000	708.490	-1032.900	1347.056
450.000	708.500	-1023.800	1350.076
451.000	708.510	-1021.800	1353.096
452.000	708.520	-1034.800	1355.975
453.000	708.530	-1045.100	1358.996
454.000	708.540	-1021.600	1362.017
455.000	708.550	-986.200	1365.038
456.000	708.560	-961.400	1368.058
457.000	708.570	-953.200	1371.078
458.000	708.580	-949.200	1374.097
459.000	708.590	-968.400	1376.976
460.000	708.600	-1001.400	1379.995
461.000	708.610	-1006.700	1383.015
462.000	708.620	-1020.300	1386.036
463.000	708.630	-1029.100	1389.057
464.000	708.640	-1008.200	1392.079
465.000	708.650	-991.500	1395.099
466.000	708.660	-994.400	1397.977
467.000	708.670	-1005.200	1400.998
468.000	708.680	-1022.800	1404.019
469.000	708.690	-1044.200	1407.040
470.000	708.700	-990.300	1410.061
471.000	708.710	-913.200	1413.081
472.000	708.720	-914.000	1416.102
473.000	708.730	-943.800	1418.978
474.000	708.740	-970.600	1421.998
475.000	708.750	-969.200	1425.019
476.000	708.760	-988.400	1428.041
477.000	708.770	-976.900	1431.061
478.000	708.780	-992.400	1434.080
479.000	708.790	-1005.700	1437.102
480.000	708.800	-967.400	1439.978
481.000	708.810	-935.600	1443.001
482.000	708.820	-945.700	1446.020
483.000	708.830	-967.200	1449.041
484.000	708.840	-1018.700	1452.061
485.000	708.850	-1023.700	1455.080
486.000	708.860	-1017.500	1458.102
487.000	708.870	-994.600	1460.979
488.000	708.880	-1034.100	1463.999
489.000	708.890	-1022.400	1467.020
490.000	708.900	-1029.300	1470.040
491.000	708.910	-1040.100	1473.060
492.000	708.920	-1033.700	1476.081
493.000	708.930	-1018.900	1479.100
494.000	708.940	-1036.400	1481.979
495.000	708.950	-1056.500	1484.997
496.000	708.960	-1046.800	1488.019
497.000	708.970	-1074.000	1491.038
498.000	708.980	-1054.100	1494.058
499.000	708.990	-1066.100	1497.079
500.000	709.000	-1063.100	1500.100
501.000	709.010	-1075.000	1502.978
502.000	709.020	-1083.000	1505.997
503.000	709.030	-1103.900	1509.019
504.000	709.040	-1092.100	1512.037
505.000	709.050	-1046.700	1515.056
506.000	709.060	-1047.400	1518.084
507.000	709.070	-1022.400	1521.099
508.000	709.080	-1010.500	1523.976
509.000	709.090	-1037.300	1526.996
510.000	709.100	-1059.400	1530.018
511.000	709.110	-1061.400	1533.038
512.000	709.120	-1070.600	1536.058
513.000	709.130	-1071.100	1539.079
514.000	709.140	-1031.200	1542.100
515.000	709.150	-993.700	1544.976
516.000	709.160	-1005.400	1547.998
517.000	709.170	-1026.400	1551.017
518.000	709.180	-1027.200	1554.038
519.000	709.190	-958.100	1557.059
520.000	709.200	-893.900	1560.078
521.000	709.210	-902.900	1563.100
522.000	709.220	-956.600	1565.978
523.000	709.230	-976.500	1569.000
524.000	709.240	-1011.800	1572.019
525.000	709.250	-1010.700	1575.040
526.000	709.260	-1042.000	1578.059
527.000	709.270	-1034.200	1581.080
528.000	709.280	-1003.300	1584.102
529.000	709.290	-959.200	1586.980
530.000	709.300	-950.100	1589.999
531.000	709.310	-972.400	1593.020
532.000	709.320	-986.400	1596.040
533.000	709.330	-1017.900	1599.059
534.000	709.340	-999.600	1602.081
535.000	709.350	-956.500	1605.102
536.000	709.360	-931.300	1607.979
537.000	709.370	-930.900	1610.997
538.000	709.380	-953.300	1614.019
539.000	709.390	-973.800	1617.037
540.000	709.400	-1002.400	1620.059
541.000	709.410	-1009.800	1623.079
542.000	709.420	-1054.400	1626.100
543.000	709.430	-1037.200	1628.978
544.000	709.440	-995.100	1631.999
545.000	709.450	-987.500	1635.021
546.000	709.460	-988.200	1638.041
547.000	709.470	-1017.100	1642.981
548.000	709.480	-1039.800	1644.002
549.000	709.490	-996.000	1647.022
550.000	709.500	-920.400	1650.043
551.000	709.510	-931.800	1653.065
552.000	709.520	-931.500	1656.084
553.000	709.530	-939.900	1659.104
554.000	709.540	-983.200	1661.980
555.000	709.550	-973.500	1665.000
556.000	709.560	-1010.900	1668.021
557.000	709.570	-1005.200	1671.040
558.000	709.580	-988.000	1674.063
559.000	709.590	-969.600	1677.083
560.000	709.600	-1001.000	1680.103
561.000	709.610	-1075.000	1682.981
562.000	709.620	-1056.500	1686.001
563.000	709.630	-1021.700	1689.022
564.000	709.640	-982.800	1692.043
565.000	709.650	-949.700	1695.061
566.000	709.660	-965.100	1698.083
567.000	709.670	-942.800	1701.103
568.000	709.680	-943.500	1703.982
569.000	709.690	-937.400	1707.001
570.000	709.700	-961.700	1710.022
571.000	709.710	-944.800	1713.044
572.000	709.720	-978.100	1716.064
573.000	709.730	-946.300	1719.085
574.000	709.740	-903.100	1722.103
575.000	709.750	-909.500	1724.980
576.000	709.760	-917.400	1728.001
577.000	709.770	-937.900	1731.020
578.000	709.780	-900.200	1734.040
579.000	709.790	-831.300	1737.061
580.000	709.800	-829.300	1740.082
581.000	709.810	-842.800	1743.104
582.000	709.820	-903.200	1745.981
583.000	709.830	-927.900	1749.000
584.000	709.840	-920.000	1752.021
585.000	709.850	-948.600	1755.042
586.000	709.860	-927.500	1758.062
587.000	709.870	-919.100	1761.083
588.000	709.880	-881.000	1764.103
589.000	709.890	-870.500	1766.981
590.000	709.900	-919.900	1770.001
591.000	709.910	-924.600	1773.022
592.000	709.920	-924.600	1776.044
593.000	709.930	-928.900	1779.064
594.000	709.940	-927.200	1782.084
595.000	709.950	-934.900	1785.104
596.000	709.960	-946.500	1787.981
597.000	709.970	-973.000	1791.000
598.000	709.980	-946.900	1794.022
599.000	709.990	-990.000	1797.042
600.000	710.000	-989.400	1800.062
601.000	710.010	-1012.900	1803.085
602.000	710.020	-1004.300	1806.105
603.000	710.030	-954.800	1808.983
604.000	710.040	-895.500	1812.004
605.000	710.050	-875.200	1815.025
606.000	710.060	-866.300	1818.047
607.000	710.070	-896.200	1821.065
608.000	710.080	-933.100	1824.087
609.000	710.090	-985.800	1827.105
610.000	710.100	-1000.900	1829.984
611.000	710.110	-990.100	1833.004
612.000	710.120	-960.000	1836.023
613.000	710.130	-884.800	1839.044
614.000	710.140	-875.100	1842.064
615.000	710.150	-888.500	1845.086
616.000	710.160	-895.400	1848.108
617.000	710.170	-940.900	1850.985
618.000	710.180	-977.200	1854.005
619.000	710.190	-983.300	1857.026
620.000	710.200	-916.800	1860.046
621.000	710.210	-881.400	1863.067
622.000	710.220	-843.000	1866.087
623.000	710.230	-859.600	1869.108
624.000	710.240	-853.200	1871.986
625.000	710.250	-886.400	1875.006
626.000	710.260	-955.200	1878.026
627.000	710.270	-958.100	1881.049
628.000	710.280	-916.500	1884.068
629.000	710.290	-864.600	1887.089
630.000	710.300	-895.900	1890.109
631.000	710.310	-913.100	1892.987
632.000	710.320	-954.300	1896.008
633.000	710.330	-981.700	1899.030
634.000	710.340	-983.400	1902.050
635.000	710.350	-958.700	1905.072
636.000	710.360	-927.100	1908.091
637.000	710.370	-924.300	1910.970
638.000	710.380	-960.900	1913.989
639.000	710.390	-978.800	1917.010
640.000	710.400	-995.100	1920.029
641.000	710.410	-1004.300	1923.049
642.000	710.420	-943.000	1926.070
643.000	710.430	-918.100	1929.092
644.000	710.440	-919.100	1931.969
645.000	710.450	-897.200	1934.990
646.000	710.460	-905.300	1938.011
647.000	710.470	-918.100	1941.030
648.000	710.480	-929.900	1944.051
649.000	710.490	-973.300	1947.072
650.000	710.500	-965.900	1950.094
651.000	710.510	-967.700	1952.970
652.000	710.520	-929.300	1955.990
653.000	710.530	-919.300	1959.011
654.000	710.540	-897.400	1962.032
655.000	710.550	-908.500	1965.051
656.000	710.560	-944.600	1968.072
657.000	710.570	-963.300	1971.092
658.000	710.580	-968.700	1973.970
659.000	710.590	-999.000	1976.990
660.000	710.600	-970.000	1980.012
661.000	710.610	-892.400	1983.032
662.000	710.620	-885.200	1986.054
663.000	710.630	-889.700	1989.074
664.000	710.640	-920.500	1992.094
665.000	710.650	-931.200	1994.974
666.000	710.660	-971.000	1997.995
667.000	710.670	-1005.500	2001.015
668.000	710.680	-968.700	2004.036
669.000	710.690	-952.100	2007.055
670.000	710.700	-938.400	2010.075
671.000	710.710	-955.100	2013.095
672.000	710.720	-935.200	2015.973
673.000	710.730	-973.900	2018.993
674.000	710.740	-998.700	2022.016
675.000	710.750	-955.800	2025.036
676.000	710.760	-926.700	2028.056
677.000	710.770	-929.800	2031.077
678.000	710.780	-932.200	2034.097
679.000	710.790	-949.700	2036.976
680.000	710.800	-1002.100	2039.997
681.000	710.810	-1021.400	2043.017
682.000	710.820	-999.800	2046.037
683.000	710.830	-964.100	2049.057
684.000	710.840	-940.500	2052.077
685.000	710.850	-953.100	2055.098
686.000	710.860	-1018.500	2057.975
687.000	710.870	-1037.000	2060.996
688.000	710.880	-994.700	2064.017
689.000	710.890	-960.000	2067.038
690.000	710.900	-951.100	2070.059
691.000	710.910	-981.100	2073.079
692.000	710.920	-1007.200	2076.101
693.000	710.930	-1019.500	2078.977
694.000	710.940	-1021.800	2081.998
695.000	710.950	-989.800	2085.020
696.000	710.960	-988.000	2088.040
697.000	710.970	-994.900	2091.058
698.000	710.980	-996.300	2094.079
699.000	710.990	-1027.200	2097.098
700.000	711.000	-1001.800	2099.976
701.000	711.010	-978.700	2102.997
702.000	711.020	-938.300	2106.017
703.000	711.030	-942.500	2109.037
704.000	711.040	-960.200	2112.060
705.000	711.050	-980.700	2115.080
706.000	711.060	-1011.900	2118.100
707.000	711.070	-1030.000	2120.977
708.000	711.080	-1035.000	2123.996
709.000	711.090	-1017.800	2127.019
710.000	711.100	-1000.400	2130.039
711.000	711.110	-1019.500	2133.057
712.000	711.120	-1036.300	2136.078
713.000	711.130	-1045.100	2139.095
714.000	711.140	-1042.800	2141.975
715.000	711.150	-1049.800	2144.995
716.000	711.160	-980.700	2148.016
717.000	711.170	-961.000	2151.036
718.000	711.180	-988.800	2154.056
719.000	711.190	-974.800	2157.077
720.000	711.200	-985.100	2160.097
721.000	711.210	-1005.500	2162.974
722.000	711.220	-1006.300	2165.995
723.000	711.230	-1029.500	2169.014
724.000	711.240	-1015.200	2172.036
725.000	711.250	-973.800	2175.056
726.000	711.260	-951.200	2178.077
727.000	711.270	-955.500	2181.096
728.000	711.280	-952.900	2183.974
729.000	711.290	-947.200	2186.994
730.000	711.300	-997.900	2190.014
731.000	711.310	-988.100	2193.035
732.000	711.320	-1031.200	2196.055
733.000	711.330	-1009.200	2199.077
734.000	711.340	-1016.600	2202.098
735.000	711.350	-1024.900	2204.975
736.000	711.360	-1049.000	2207.996
737.000	711.370	-1028.900	2211.017
738.000	711.380	-1003.500	2214.037
739.000	711.390	-1000.600	2217.057
740.000	711.400	-1015.300	2220.077
741.000	711.410	-1006.500	2223.097
742.000	711.420	-1003.700	2225.974
743.000	711.430	-982.100	2228.994
744.000	711.440	-978.800	2232.016
745.000	711.450	-992.300	2235.034
746.000	711.460	-1027.600	2238.054
747.000	711.470	-996.600	2241.073
748.000	711.480	-1003.200	2244.093
749.000	711.490	-1034.900	2247.116
750.000	711.500	-1039.200	2249.993
751.000	711.510	-1045.600	2253.014
752.000	711.520	-1056.600	2256.033
753.000	711.530	-1085.500	2259.052
754.000	711.540	-1099.800	2262.073
755.000	711.550	-1104.500	2265.093
756.000	711.560	-1119.400	2267.970
757.000	711.570	-1104.900	2270.991
758.000	711.580	-1094.600	2274.013
759.000	711.590	-1088.000	2277.035
760.000	711.600	-1096.600	2280.055
761.000	711.610	-1086.800	2283.077
762.000	711.620	-1115.100	2286.097
763.000	711.630	-1092.200	2288.975
764.000	711.640	-1088.300	2291.995
765.000	711.650	-1092.800	2295.014
766.000	711.660	-1093.800	2298.033
767.000	711.670	-1095.200	2301.056
768.000	711.680	-1106.500	2304.075
769.000	711.690	-1098.900	2307.095
770.000	711.700	-1108.900	2309.973
771.000	711.710	-1123.100	2312.993
772.000	711.720	-1115.400	2316.013
773.000	711.730	-1045.600	2319.033
774.000	711.740	-993.000	2322.055
775.000	711.750	-957.300	2325.074
776.000	711.760	-968.900	2328.096
777.000	711.770	-990.200	2330.973
778.000	711.780	-977.300	2333.992
779.000	711.790	-982.200	2337.015
780.000	711.800	-963.100	2340.034
781.000	711.810	-937.900	2343.053
782.000	711.820	-938.000	2346.074
783.000	711.830	-949.500	2349.093
784.000	711.840	-961.400	2352.115
785.000	711.850	-973.200	2354.992
786.000	711.860	-981.800	2358.013
787.000	711.870	-953.400	2361.033
788.000	711.880	-942.900	2364.052
789.000	711.890	-928.500	2367.073
790.000	711.900	-942.100	2370.093
791.000	711.910	-946.500	2372.970
792.000	711.920	-943.700	2375.989
793.000	711.930	-964.700	2379.010
794.000	711.940	-971.700	2382.030
795.000	711.950	-981.100	2385.052
796.000	711.960	-974.800	2388.074
797.000	711.970	-940.400	2391.093
798.000	711.980	-921.100	2393.970
799.000	711.990	-936.500	2396.990
800.000	712.000	-955.300	2400.010
801.000	712.010	-972.800	2403.032
802.000	712.020	-993.200	2406.054
803.000	712.030	-985.100	2409.073
804.000	712.040	-951.600	2412.096
805.000	712.050	-899.900	2414.973
806.000	712.060	-915.300	2417.992
807.000	712.070	-916.000	2421.012
808.000	712.080	-950.200	2424.035
809.000	712.090	-955.400	2427.054
810.000	712.100	-960.100	2430.075
811.000	712.110	-993.500	2433.093
812.000	712.120	-965.700	2435.969
813.000	712.130	-938.100	2438.990
814.000	712.140	-932.300	2442.011
815.000	712.150	-983.100	2445.031
816.000	712.160	-997.300	2448.052
817.000	712.170	-960.300	2451.070
818.000	712.180	-929.100	2454.091
819.000	712.190	-935.000	2456.970
820.000	712.200	-950.900	2459.990
821.000	712.210	-949.900	2463.009
822.000	712.220	-948.300	2466.030
823.000	712.230	-974.500	2469.051
824.000	712.240	-980.100	2472.070
825.000	712.250	-974.700	2475.091
826.000	712.260	-942.600	2477.970
827.000	712.270	-906.600	2480.989
828.000	712.280	-882.800	2484.009
829.000	712.290	-905.700	2487.031
830.000	712.300	-897.700	2490.049
831.000	712.310	-867.600	2493.071
832.000	712.320	-888.800	2496.089
833.000	712.330	-911.700	2499.111
834.000	712.340	-915.000	2501.986
835.000	712.350	-952.700	2505.008
836.000	712.360	-951.500	2508.027
837.000	712.370	-912.800	2511.048
838.000	712.380	-895.800	2514.067
839.000	712.390	-878.700	2517.088
840.000	712.400	-841.900	2520.107
841.000	712.410	-817.900	2522.986
842.000	712.420	-820.900	2526.006
843.000	712.430	-831.900	2529.028
844.000	712.440	-826.800	2532.048
845.000	712.450	-859.900	2535.070
846.000	712.460	-808.600	2538.090
847.000	712.470	-764.300	2541.108
848.000	712.480	-770.100	2543.988
849.000	712.490	-799.200	2547.006
850.000	712.500	-814.400	2550.028
851.000	712.510	-872.600	2553.048
852.000	712.520	-897.100	2556.069
853.000	712.530	-839.300	2559.090
854.000	712.540	-812.900	2562.111
855.000	712.550	-804.000	2564.987
856.000	712.560	-829.900	2568.008
857.000	712.570	-789.500	2571.027
858.000	712.580	-757.300	2574.047
859.000	712.590	-756.500	2577.065
860.000	712.600	-794.800	2580.087
861.000	712.610	-809.100	2583.106
862.000	712.620	-828.100	2585.984
863.000	712.630	-850.400	2589.004
864.000	712.640	-841.800	2592.024
865.000	712.650	-856.600	2595.043
866.000	712.660	-832.600	2598.066
867.000	712.670	-811.900	2601.086
868.000	712.680	-825.000	2604.106
869.000	712.690	-862.700	2606.984
870.000	712.700	-897.500	2610.005
871.000	712.710	-916.100	2613.025
872.000	712.720	-938.100	2616.047
873.000	712.730	-902.800	2619.066
874.000	712.740	-896.400	2622.086
875.000	712.750	-885.500	2625.106
876.000	712.760	-870.800	2627.984
877.000	712.770	-866.900	2631.003
878.000	712.780	-836.700	2634.025
879.000	712.790	-856.100	2637.046
880.000	712.800	-891.600	2640.066
881.000	712.810	-890.500	2643.087
882.000	712.820	-884.000	2646.108
883.000	712.830	-879.900	2648.987
884.000	712.840	-876.800	2652.006
885.000	712.850	-868.400	2655.027
886.000	712.860	-835.100	2658.048
887.000	712.870	-838.600	2661.067
888.000	712.880	-865.200	2664.085
889.000	712.890	-864.900	2667.107
890.000	712.900	-820.000	2669.984
891.000	712.910	-803.400	2673.003
892.000	712.920	-806.800	2676.024
893.000	712.930	-843.700	2679.043
894.000	712.940	-856.200	2682.064
895.000	712.950	-853.000	2685.086
896.000	712.960	-838.200	2688.106
897.000	712.970	-824.900	2690.984
898.000	712.980	-838.900	2694.004
899.000	712.990	-793.300	2697.023
900.000	713.000	-757.100	2700.044
901.000	713.010	-758.700	2703.064
902.000	713.020	-799.600	2706.084
903.000	713.030	-783.500	2709.106
904.000	713.040	-792.000	2711.984
905.000	713.050	-751.400	2715.004
906.000	713.060	-705.500	2718.025
907.000	713.070	-714.200	2721.045
908.000	713.080	-716.000	2724.065
909.000	713.090	-728.200	2727.085
910.000	713.100	-739.800	2730.105
911.000	713.110	-742.700	2732.980
912.000	713.120	-781.300	2736.001
913.000	713.130	-773.800	2739.023
914.000	713.140	-770.000	2742.041
915.000	713.150	-774.000	2745.062
916.000	713.160	-784.800	2748.084
917.000	713.170	-789.300	2751.104
918.000	713.180	-793.000	2753.985
919.000	713.190	-764.400	2757.005
920.000	713.200	-718.700	2760.025
921.000	713.210	-715.100	2763.045
922.000	713.220	-691.100	2766.066
923.000	713.230	-712.400	2769.086
924.000	713.240	-731.600	2772.107
925.000	713.250	-757.200	2774.984
926.000	713.260	-778.100	2778.004
927.000	713.270	-776.000	2781.024
928.000	713.280	-752.100	2784.045
929.000	713.290	-749.300	2787.063
930.000	713.300	-745.000	2790.086
931.000	713.310	-778.000	2793.105
932.000	713.320	-794.900	2795.983
933.000	713.330	-813.500	2799.003
934.000	713.340	-832.600	2802.023
935.000	713.350	-796.400	2805.044
936.000	713.360	-793.900	2808.063
937.000	713.370	-792.300	2811.083
938.000	713.380	-795.400	2814.104
939.000	713.390	-808.100	2816.980
940.000	713.400	-830.700	2820.000
941.000	713.410	-789.400	2823.018
942.000	713.420	-762.900	2826.039
943.000	713.430	-768.200	2829.059
944.000	713.440	-777.700	2832.078
945.000	713.450	-799.400	2835.098
946.000	713.460	-832.500	2837.976
947.000	713.470	-809.900	2843.053
948.000	713.480	-749.600	2844.074
949.000	713.490	-756.500	2847.095
950.000	713.500	-795.900	2849.973
951.000	713.510	-798.400	2852.991
952.000	713.520	-818.700	2856.012
953.000	713.530	-860.600	2859.031
954.000	713.540	-867.400	2862.051
955.000	713.550	-853.100	2865.070
956.000	713.560	-842.800	2868.090
957.000	713.570	-854.500	2870.969
958.000	713.580	-842.000	2873.988
959.000	713.590	-901.400	2877.009
960.000	713.600	-907.800	2880.030
961.000	713.610	-870.000	2883.050
962.000	713.620	-859.500	2886.070
963.000	713.630	-844.800	2889.088
964.000	713.640	-854.600	2892.109
965.000	713.650	-850.200	2894.986
966.000	713.660	-865.600	2898.005
967.000	713.670	-874.600	2901.027
968.000	713.680	-912.700	2904.047
969.000	713.690	-876.600	2907.066
970.000	713.700	-869.400	2910.088
971.000	713.710	-870.900	2913.108
972.000	713.720	-869.700	2915.987
973.000	713.730	-876.100	2919.006
974.000	713.740	-889.600	2922.026
975.000	713.750	-918.700	2925.047
976.000	713.760	-911.200	2928.067
977.000	713.770	-897.800	2931.090
978.000	713.780	-875.100	2934.109
979.000	713.790	-842.700	2936.987
980.000	713.800	-840.200	2940.009
981.000	713.810	-896.200	2943.029
982.000	713.820	-931.100	2946.051
983.000	713.830	-949.100	2949.069
984.000	713.840	-939.600	2952.090
985.000	713.850	-891.500	2955.111
986.000	713.860	-888.500	2957.989
987.000	713.870	-914.700	2961.008
988.000	713.880	-913.900	2964.028
989.000	713.890	-936.600	2967.049
990.000	713.900	-907.300	2970.070
991.000	713.910	-884.500	2973.090
992.000	713.920	-902.700	2976.110
993.000	713.930	-905.000	2978.985
994.000	713.940	-900.000	2982.007
995.000	713.950	-899.000	2985.027
996.000	713.960	-909.000	2988.049
997.000	713.970	-902.400	2991.069
998.000	713.980	-892.100	2994.091
999.000	713.990	-869.500	2997.110
1000.000	714.000	-843.000	2999.987
1001.000	714.010	-885.300	3003.007
1002.000	714.020	-913.700	3006.028
1003.000	714.030	-939.000	3009.047
1004.000	714.040	-910.400	3012.069
1005.000	714.050	-885.300	3015.087
1006.000	714.060	-882.100	3018.107
1007.000	714.070	-903.400	3020.986
1008.000	714.080	-927.200	3024.005
1009.000	714.090	-951.700	3027.024
1010.000	714.100	-971.700	3030.043
1011.000	714.110	-947.200	3033.064
1012.000	714.120	-917.200	3036.084
1013.000	714.130	-918.100	3039.104
1014.000	714.140	-897.900	3041.981
1015.000	714.150	-917.600	3045.000
1016.000	714.160	-930.000	3048.021
1017.000	714.170	-948.900	3051.041
1018.000	714.180	-940.700	3054.060
1019.000	714.190	-931.900	3057.082
1020.000	714.200	-941.200	3060.101
1021.000	714.210	-912.100	3062.980
1022.000	714.220	-912.500	3066.000
1023.000	714.230	-906.200	3069.023
1024.000	714.240	-925.500	3072.042
1025.000	714.250	-923.800	3075.061
1026.000	714.260	-951.600	3078.082
1027.000	714.270	-934.100	3081.101
1028.000	714.280	-888.900	3083.978
1029.000	714.290	-884.400	3087.001
1030.000	714.300	-887.700	3090.019
1031.000	714.310	-910.300	3093.039
1032.000	714.320	-935.000	3096.060
1033.000	714.330	-894.500	3099.079
1034.000	714.340	-890.800	3102.099
1035.000	714.350	-864.800	3104.978
1036.000	714.360	-895.400	3107.997
1037.000	714.370	-894.300	3111.019
1038.000	714.380	-918.700	3114.038
1039.000	714.390	-957.000	3117.057
1040.000	714.400	-941.700	3120.078
1041.000	714.410	-936.300	3123.100
1042.000	714.420	-898.600	3125.978
1043.000	714.430	-893.000	3128.997
1044.000	714.440	-906.900	3132.017
1045.000	714.450	-947.700	3135.037
1046.000	714.460	-964.000	3138.058
1047.000	714.470	-957.800	3141.081
1048.000	714.480	-947.000	3144.101
1049.000	714.490	-954.100	3146.979
1050.000	714.500	-941.600	3149.998
1051.000	714.510	-907.300	3153.018
1052.000	714.520	-910.200	3156.038
1053.000	714.530	-915.200	3159.058
1054.000	714.540	-914.900	3162.080
1055.000	714.550	-916.300	3165.098
1056.000	714.560	-919.200	3167.976
1057.000	714.570	-905.400	3170.997
1058.000	714.580	-919.600	3174.019
1059.000	714.590	-962.300	3177.040
1060.000	714.600	-978.400	3180.061
1061.000	714.610	-1018.900	3183.082
1062.000	714.620	-978.100	3186.102
1063.000	714.630	-943.600	3188.979
1064.000	714.640	-940.200	3192.001
1065.000	714.650	-941.400	3195.020
1066.000	714.660	-937.700	3198.042
1067.000	714.670	-962.400	3201.061
1068.000	714.680	-992.400	3204.080
1069.000	714.690	-953.400	3207.100
1070.000	714.700	-917.300	3209.978
1071.000	714.710	-912.500	3212.996
1072.000	714.720	-934.400	3216.018
1073.000	714.730	-945.800	3219.037
1074.000	714.740	-963.400	3222.058
1075.000	714.750	-971.600	3225.077
1076.000	714.760	-963.000	3228.097
1077.000	714.770	-898.700	3230.973
1078.000	714.780	-894.400	3233.993
1079.000	714.790	-918.900	3237.013
1080.000	714.800	-938.300	3240.031
1081.000	714.810	-931.900	3243.050
1082.000	714.820	-963.800	3246.070
1083.000	714.830	-968.900	3249.091
1084.000	714.840	-986.600	3251.970
1085.000	714.850	-968.200	3254.991
1086.000	714.860	-935.900	3258.011
1087.000	714.870	-965.100	3261.033
1088.000	714.880	-1002.800	3264.052
1089.000	714.890	-1046.800	3267.073
1090.000	714.900	-1013.700	3270.092
1091.000	714.910	-991.900	3272.970
1092.000	714.920	-969.500	3275.991
1093.000	714.930	-940.100	3279.013
1094.000	714.940	-960.800	3282.034
1095.000	714.950	-940.300	3285.052
1096.000	714.960	-944.700	3288.074
1097.000	714.970	-961.100	3291.095
1098.000	714.980	-942.600	3293.974
1099.000	714.990	-911.800	3296.995
1100.000	715.000	-875.700	3300.016
1101.000	715.010	-921.400	3303.037
1102.000	715.020	-963.000	3306.057
1103.000	715.030	-984.400	3309.077
1104.000	715.040	-989.800	3312.097
1105.000	715.050	-1002.200	3314.976
1106.000	715.060	-978.500	3317.996
1107.000	715.070	-889.800	3321.016
1108.000	715.080	-855.700	3324.036
1109.000	715.090	-893.700	3327.053
1110.000	715.100	-901.000	3330.075
1111.000	715.110	-898.400	3333.097
1112.000	715.120	-942.800	3335.973
1113.000	715.130	-961.600	3338.993
1114.000	715.140	-933.100	3342.013
1115.000	715.150	-913.300	3345.033
1116.000	715.160	-906.600	3348.052
1117.000	715.170	-908.100	3351.073
1118.000	715.180	-934.100	3354.093
1119.000	715.190	-942.400	3356.971
1120.000	715.200	-979.900	3359.991
1121.000	715.210	-987.400	3363.010
1122.000	715.220	-920.200	3366.030
1123.000	715.230	-893.400	3369.052
1124.000	715.240	-868.300	3372.071
1125.000	715.250	-874.200	3375.092
1126.000	715.260	-901.500	3378.112
1127.000	715.270	-915.500	3380.989
1128.000	715.280	-911.600	3384.010
1129.000	715.290	-893.800	3387.031
1130.000	715.300	-852.300	3390.051
1131.000	715.310	-873.700	3393.072
1132.000	715.320	-906.600	3396.091
1133.000	715.330	-921.800	3398.969
1134.000	715.340	-929.100	3401.988
1135.000	715.350	-937.400	3405.009
1136.000	715.360	-910.100	3408.031
1137.000	715.370	-908.500	3411.051
1138.000	715.380	-887.100	3414.070
1139.000	715.390	-874.300	3417.089
1140.000	715.400	-883.400	3420.113
1141.000	715.410	-908.400	3422.990
1142.000	715.420	-951.600	3426.009
1143.000	715.430	-976.300	3429.032
1144.000	715.440	-946.000	3432.051
1145.000	715.450	-894.400	3435.072
1146.000	715.460	-861.700	3438.093
1147.000	715.470	-891.800	3440.970
1148.000	715.480	-906.700	3443.991
1149.000	715.490	-949.200	3447.009
1150.000	715.500	-983.200	3450.030
1151.000	715.510	-954.400	3453.053
1152.000	715.520	-899.000	3456.072
1153.000	715.530	-871.400	3459.090
1154.000	715.540	-866.300	3462.110
1155.000	715.550	-855.600	3464.988
1156.000	715.560	-873.400	3468.007
1157.000	715.570	-883.600	3471.029
1158.000	715.580	-881.300	3474.048
1159.000	715.590	-828.200	3477.068
1160.000	715.600	-832.400	3480.088
1161.000	715.610	-819.500	3483.106
1162.000	715.620	-848.400	3485.983
1163.000	715.630	-887.600	3489.007
1164.000	715.640	-921.300	3492.027
1165.000	715.650	-902.400	3495.047
1166.000	715.660	-855.300	3498.067
1167.000	715.670	-861.300	3501.088
1168.000	715.680	-850.600	3504.107
1169.000	715.690	-869.700	3506.985
1170.000	715.700	-870.500	3510.007
1171.000	715.710	-902.900	3513.026
1172.000	715.720	-904.600	3516.047
1173.000	715.730	-883.700	3519.066
1174.000	715.740	-867.200	3522.086
1175.000	715.750	-881.100	3525.108
1176.000	715.760	-905.600	3527.984
1177.000	715.770	-897.400	3531.005
1178.000	715.780	-905.800	3534.026
1179.000	715.790	-881.900	3537.045
1180.000	715.800	-840.900	3540.065
1181.000	715.810	-817.200	3543.085
1182.000	715.820	-823.300	3546.105
1183.000	715.830	-824.800	3548.981
1184.000	715.840	-844.900	3552.000
1185.000	715.850	-846.200	3555.018
1186.000	715.860	-822.500	3558.039
1187.000	715.870	-817.800	3561.059
1188.000	715.880	-813.400	3564.079
1189.000	715.890	-828.700	3567.097
1190.000	715.900	-855.700	3569.975
1191.000	715.910	-866.100	3572.995
1192.000	715.920	-890.300	3576.018
1193.000	715.930	-870.400	3579.038
1194.000	715.940	-849.100	3582.057
1195.000	715.950	-830.600	3585.077
1196.000	715.960	-816.500	3588.095
1197.000	715.970	-805.000	3590.973
1198.000	715.980	-816.000	3593.994
1199.000	715.990	-844.300	3597.012
1200.000	716.000	-820.100	3600.033
1201.000	716.010	-807.100	3603.051
1202.000	716.020	-829.400	3606.071
1203.000	716.030	-881.600	3609.092
1204.000	716.040	-893.600	3612.112
1205.000	716.050	-841.000	3614.989
1206.000	716.060	-818.100	3618.010
1207.000	716.070	-823.400	3621.031
1208.000	716.080	-827.100	3624.050
1209.000	716.090	-829.400	3627.069
1210.000	716.100	-817.200	3630.090
1211.000	716.110	-838.900	3633.111
1212.000	716.120	-821.300	3635.990
1213.000	716.130	-784.800	3639.009
1214.000	716.140	-756.800	3642.029
1215.000	716.150	-798.700	3645.047
1216.000	716.160	-829.300	3648.069
1217.000	716.170	-833.200	3651.088
1218.000	716.180	-782.300	3654.108
1219.000	716.190	-772.000	3656.986
1220.000	716.200	-788.500	3660.007
1221.000	716.210	-784.400	3663.029
1222.000	716.220	-806.500	3666.049
1223.000	716.230	-822.600	3669.068
1224.000	716.240	-756.200	3672.090
1225.000	716.250	-763.700	3675.111
1226.000	716.260	-760.900	3677.988
1227.000	716.270	-770.600	3681.008
1228.000	716.280	-791.800	3684.028
1229.000	716.290	-830.400	3687.048
1230.000	716.300	-815.900	3690.071
1231.000	716.310	-802.200	3693.091
1232.000	716.320	-785.000	3695.969
1233.000	716.330	-768.700	3698.991
1234.000	716.340	-757.700	3702.010
1235.000	716.350	-764.300	3705.033
1236.000	716.360	-759.800	3708.052
1237.000	716.370	-738.700	3711.072
1238.000	716.380	-755.700	3714.091
1239.000	716.390	-725.500	3716.972
1240.000	716.400	-736.700	3719.992
1241.000	716.410	-778.100	3723.012
1242.000	716.420	-781.600	3726.032
1243.000	716.430	-783.600	3729.053
1244.000	716.440	-796.900	3732.072
1245.000	716.450	-789.700	3735.092
1246.000	716.460	-789.900	3738.112
1247.000	716.470	-806.200	3740.991
1248.000	716.480	-810.600	3744.009
1249.000	716.490	-819.700	3747.031
1250.000	716.500	-760.200	3750.051
1251.000	716.510	-731.500	3753.072
1252.000	716.520	-750.900	3756.093
1253.000	716.530	-758.300	3758.969
1254.000	716.540	-807.900	3761.990
1255.000	716.550	-832.000	3765.008
1256.000	716.560	-856.000	3768.029
1257.000	716.570	-885.700	3771.048
1258.000	716.580	-880.800	3774.068
1259.000	716.590	-830.600	3777.088
1260.000	716.600	-812.600	3780.109
1261.000	716.610	-789.400	3782.986
1262.000	716.620	-785.600	3786.007
1263.000	716.630	-802.400	3789.026
1264.000	716.640	-808.200	3792.047
1265.000	716.650	-798.500	3795.066
1266.000	716.660	-757.100	3798.087
1267.000	716.670	-762.200	3801.109
1268.000	716.680	-812.200	3803.986
1269.000	716.690	-830.100	3807.007
1270.000	716.700	-855.200	3810.026
1271.000	716.710	-851.000	3813.047
1272.000	716.720	-810.500	3816.068
1273.000	716.730	-819.900	3819.087
1274.000	716.740	-807.800	3822.109
1275.000	716.750	-834.400	3824.985
1276.000	716.760	-831.000	3828.006
1277.000	716.770	-863.500	3831.028
1278.000	716.780	-842.100	3834.046
1279.000	716.790	-807.800	3837.069
1280.000	716.800	-838.900	3840.089
1281.000	716.810	-886.100	3843.110
1282.000	716.820	-878.400	3845.988
1283.000	716.830	-861.000	3849.006
1284.000	716.840	-838.600	3852.027
1285.000	716.850	-822.400	3855.045
1286.000	716.860	-822.200	3858.066
1287.000	716.870	-824.600	3861.086
1288.000	716.880	-845.800	3864.104
1289.000	716.890	-851.100	3866.983
1290.000	716.900	-838.600	3870.003
1291.000	716.910	-830.200	3873.022
1292.000	716.920	-861.000	3876.043
1293.000	716.930	-889.400	3879.063
1294.000	716.940	-854.700	3882.082
1295.000	716.950	-852.900	3885.101
1296.000	716.960	-861.100	3887.978
1297.000	716.970	-858.900	3891.000
1298.000	716.980	-894.900	3894.018
1299.000	716.990	-886.900	3897.039
1300.000	717.000	-892.500	3900.059
1301.000	717.010	-859.100	3903.078
1302.000	717.020	-839.600	3906.097
1303.000	717.030	-820.900	3908.976
1304.000	717.040	-842.700	3911.995
1305.000	717.050	-862.600	3915.014
1306.000	717.060	-888.200	3918.034
1307.000	717.070	-932.100	3921.055
1308.000	717.080	-892.600	3924.073
1309.000	717.090	-876.200	3927.095
1310.000	717.100	-889.800	3929.970
1311.000	717.110	-897.500	3932.991
1312.000	717.120	-946.200	3936.010
1313.000	717.130	-942.300	3939.030
1314.000	717.140	-955.900	3942.052
1315.000	717.150	-942.000	3945.073
1316.000	717.160	-931.700	3948.094
1317.000	717.170	-929.300	3950.971
1318.000	717.180	-910.700	3953.991
1319.000	717.190	-936.800	3957.010
1320.000	717.200	-951.700	3960.031
1321.000	717.210	-890.200	3963.052
1322.000	717.220	-870.200	3966.071
1323.000	717.230	-876.800	3969.090
1324.000	717.240	-886.400	3972.110
1325.000	717.250	-904.800	3974.986
1326.000	717.260	-924.300	3978.007
1327.000	717.270	-939.300	3981.026
1328.000	717.280	-924.100	3984.047
1329.000	717.290	-862.300	3987.067
1330.000	717.300	-870.000	3990.085
1331.000	717.310	-897.700	3993.105
1332.000	717.320	-939.900	3995.983
1333.000	717.330	-1010.500	3999.003
1334.000	717.340	-1046.500	4002.023
1335.000	717.350	-1073.000	4005.043
1336.000	717.360	-1058.900	4008.063
1337.000	717.370	-1060.700	4011.081
1338.000	717.380	-1048.400	4014.104
1339.000	717.390	-1025.500	4016.981
1340.000	717.400	-1026.300	4019.999
1341.000	717.410	-1017.400	4023.018
1342.000	717.420	-1004.000	4026.038
1343.000	717.430	-974.200	4029.059
1344.000	717.440	-948.000	4032.080
1345.000	717.450	-957.600	4035.099
1346.000	717.460	-961.900	4037.976
1347.000	717.470	-964.100	4043.063
1348.000	717.480	-935.300	4044.087
1349.000	717.490	-913.100	4047.107
1350.000	717.500	-910.000	4049.985
1351.000	717.510	-950.200	4053.006
1352.000	717.520	-992.600	4056.025
1353.000	717.530	-1019.800	4059.045
1354.000	717.540	-1064.400	4062.065
1355.000	717.550	-1005.700	4065.086
1356.000	717.560	-956.700	4068.105
1357.000	717.570	-959.500	4070.982
1358.000	717.580	-976.600	4074.004
1359.000	717.590	-972.500	4077.025
1360.000	717.600	-969.500	4080.044
1361.000	717.610	-970.700	4083.067
1362.000	717.620	-936.000	4086.084
1363.000	717.630	-903.600	4089.105
1364.000	717.640	-919.300	4091.982
1365.000	717.650	-981.900	4095.003
1366.000	717.660	-1002.800	4098.021
1367.000	717.670	-1030.000	4101.042
1368.000	717.680	-1047.600	4104.063
1369.000	717.690	-1043.900	4107.083
1370.000	717.700	-1050.900	4110.105
1371.000	717.710	-1039.200	4112.982
1372.000	717.720	-1027.900	4116.002
1373.000	717.730	-1023.400	4119.024
1374.000	717.740	-1024.500	4122.044
1375.000	717.750	-1049.900	4125.065
1376.000	717.760	-1043.200	4128.085
1377.000	717.770	-1008.700	4131.105
1378.000	717.780	-972.800	4133.983
1379.000	717.790	-948.300	4137.003
1380.000	717.800	-949.300	4140.021
1381.000	717.810	-949.700	4143.043
1382.000	717.820	-945.600	4146.062
1383.000	717.830	-964.200	4149.083
1384.000	717.840	-930.800	4152.103
1385.000	717.850	-948.500	4154.982
1386.000	717.860	-959.000	4158.003
1387.000	717.870	-996.600	4161.022
1388.000	717.880	-1012.400	4164.043
1389.000	717.890	-1031.900	4167.062
1390.000	717.900	-1052.200	4170.083
1391.000	717.910	-1057.800	4173.104
1392.000	717.920	-1045.200	4175.981
1393.000	717.930	-1008.300	4179.002
1394.000	717.940	-976.800	4182.019
1395.000	717.950	-976.400	4185.040
1396.000	717.960	-965.200	4188.062
1397.000	717.970	-971.600	4191.080
1398.000	717.980	-973.900	4194.099
1399.000	717.990	-988.800	4196.977
1400.000	718.000	-988.500	4199.996
1401.000	718.010	-966.300	4203.017
1402.000	718.020	-965.800	4206.038
1403.000	718.030	-985.600	4209.058
1404.000	718.040	-975.500	4212.079
1405.000	718.050	-1000.900	4215.099
1406.000	718.060	-1002.800	4217.977
1407.000	718.070	-1013.900	4220.997
1408.000	718.080	-1006.300	4224.017
1409.000	718.090	-994.200	4227.038
1410.000	718.100	-1017.300	4230.058
1411.000	718.110	-1012.700	4233.078
1412.000	718.120	-1013.300	4236.097
1413.000	718.130	-997.000	4238.976
1414.000	718.140	-991.500	4241.996
1415.000	718.150	-989.200	4245.015
1416.000	718.160	-1000.100	4248.036
1417.000	718.170	-985.300	4251.056
1418.000	718.180	-980.000	4254.076
1419.000	718.190	-967.700	4257.096
1420.000	718.200	-972.000	4259.976
1421.000	718.210	-976.500	4262.997
1422.000	718.220	-988.700	4266.018
1423.000	718.230	-995.000	4269.038
1424.000	718.240	-1017.800	4272.059
1425.000	718.250	-1026.300	4275.078
1426.000	718.260	-1032.100	4278.097
1427.000	718.270	-1008.100	4280.976
1428.000	718.280	-1012.400	4283.995
1429.000	718.290	-1018.400	4287.015
1430.000	718.300	-1035.400	4290.036
1431.000	718.310	-1045.200	4293.057
1432.000	718.320	-1056.100	4296.078
1433.000	718.330	-1027.100	4299.098
1434.000	718.340	-1020.900	4301.976
1435.000	718.350	-1020.000	4304.995
1436.000	718.360	-1035.600	4308.017
1437.000	718.370	-1051.200	4311.039
1438.000	718.380	-1029.600	4314.061
1439.000	718.390	-1013.300	4317.080
1440.000	718.400	-1033.000	4320.101
1441.000	718.410	-1041.100	4322.977
1442.000	718.420	-1048.500	4325.997
1443.000	718.430	-1042.100	4329.017
1444.000	718.440	-1024.400	4332.035
1445.000	718.450	-1032.100	4335.056
1446.000	718.460	-1040.100	4338.076
1447.000	718.470	-1040.300	4341.097
1448.000	718.480	-1046.800	4343.976
1449.000	718.490	-1039.600	4346.995
1450.000	718.500	-1036.400	4350.016
1451.000	718.510	-1066.100	4353.035
1452.000	718.520	-1049.000	4356.056
1453.000	718.530	-1044.500	4359.075
1454.000	718.540	-1041.600	4362.095
1455.000	718.550	-1033.800	4364.974
1456.000	718.560	-1021.500	4367.992
1457.000	718.570	-1013.700	4371.013
1458.000	718.580	-1037.600	4374.034
1459.000	718.590	-1048.400	4377.055
1460.000	718.600	-1036.900	4380.075
1461.000	718.610	-1047.000	4383.096
1462.000	718.620	-1054.500	4385.975
1463.000	718.630	-1058.300	4388.994
1464.000	718.640	-1076.200	4392.014
1465.000	718.650	-1078.600	4395.033
1466.000	718.660	-1000.700	4398.053
1467.000	718.670	-954.200	4401.074
1468.000	718.680	-940.200	4404.094
1469.000	718.690	-922.400	4406.970
1470.000	718.700	-919.500	4409.990
1471.000	718.710	-912.500	4413.008
1472.000	718.720	-958.400	4416.029
1473.000	718.730	-971.800	4419.050
1474.000	718.740	-971.500	4422.069
1475.000	718.750	-956.500	4425.090
1476.000	718.760	-954.400	4428.109
1477.000	718.770	-974.600	4430.985
1478.000	718.780	-966.900	4434.007
1479.000	718.790	-929.900	4437.027
1480.000	718.800	-865.400	4440.047
1481.000	718.810	-855.400	4443.066
1482.000	718.820	-849.800	4446.085
1483.000	718.830	-834.500	4449.104
1484.000	718.840	-854.000	4451.982
1485.000	718.850	-891.600	4455.003
1486.000	718.860	-869.500	4458.021
1487.000	718.870	-871.400	4461.042
1488.000	718.880	-903.600	4464.061
1489.000	718.890	-931.900	4467.083
1490.000	718.900	-951.100	4470.102
1491.000	718.910	-966.000	4472.980
1492.000	718.920	-975.000	4475.998
1493.000	718.930	-941.700	4479.019
1494.000	718.940	-876.400	4482.038
1495.000	718.950	-869.700	4485.058
1496.000	718.960	-882.800	4488.077
1497.000	718.970	-871.600	4491.097
1498.000	718.980	-894.300	4493.974
1499.000	718.990	-903.700	4496.994
1500.000	719.000	-902.600	4500.013
1501.000	719.010	-891.800	4503.035
1502.000	719.020	-891.300	4506.054
1503.000	719.030	-908.100	4509.072
1504.000	719.040	-921.300	4512.092
1505.000	719.050	-928.600	4514.971
1506.000	719.060	-894.600	4517.989
1507.000	719.070	-858.200	4521.010
1508.000	719.080	-862.000	4524.028
1509.000	719.090	-882.200	4527.049
1510.000	719.100	-890.300	4530.068
1511.000	719.110	-880.300	4533.088
1512.000	719.120	-905.700	4536.108
1513.000	719.130	-871.300	4538.987
1514.000	719.140	-870.600	4542.007
1515.000	719.150	-888.000	4545.027
1516.000	719.160	-906.100	4548.046
1517.000	719.170	-926.800	4551.064
1518.000	719.180	-921.400	4554.083
1519.000	719.190	-927.500	4557.104
1520.000	719.200	-928.900	4559.982
1521.000	719.210	-924.100	4563.000
1522.000	719.220	-952.200	4566.020
1523.000	719.230	-967.700	4569.041
1524.000	719.240	-933.100	4572.063
1525.000	719.250	-936.700	4575.083
1526.000	719.260	-940.900	4578.103
1527.000	719.270	-949.400	4580.979
1528.000	719.280	-961.900	4583.999
1529.000	719.290	-967.800	4587.020
1530.000	719.300	-947.300	4590.040
1531.000	719.310	-943.100	4593.058
1532.000	719.320	-935.200	4596.077
1533.000	719.330	-924.500	4599.097
1534.000	719.340	-911.500	4601.976
1535.000	719.350	-923.400	4604.995
1536.000	719.360	-925.800	4608.017
1537.000	719.370	-918.800	4611.037
1538.000	719.380	-939.400	4614.056
1539.000	719.390	-950.700	4617.077
1540.000	719.400	-942.500	4620.096
1541.000	719.410	-1003.500	4622.973
1542.000	719.420	-1025.900	4625.994
1543.000	719.430	-1058.300	4629.014
1544.000	719.440	-1061.200	4632.036
1545.000	719.450	-1045.800	4635.055
1546.000	719.460	-1064.600	4638.075
1547.000	719.470	-1061.500	4641.096
1548.000	719.480	-1063.100	4643.973
1549.000	719.490	-1012.900	4646.993
1550.000	719.500	-1017.300	4650.013
1551.000	719.510	-1010.600	4653.033
1552.000	719.520	-1009.500	4656.052
1553.000	719.530	-1015.100	4659.070
1554.000	719.540	-1005.400	4662.091
1555.000	719.550	-1010.100	4665.109
1556.000	719.560	-992.200	4667.986
1557.000	719.570	-923.900	4671.006
1558.000	719.580	-906.700	4674.026
1559.000	719.590	-929.300	4677.045
1560.000	719.600	-912.900	4680.066
1561.000	719.610	-906.500	4683.085
1562.000	719.620	-905.300	4686.106
1563.000	719.630	-894.300	4688.982
1564.000	719.640	-909.200	4692.002
1565.000	719.650	-940.300	4695.022
1566.000	719.660	-950.300	4698.042
1567.000	719.670	-932.500	4701.063
1568.000	719.680	-969.800	4704.082
1569.000	719.690	-967.000	4707.102
1570.000	719.700	-961.000	4709.978
1571.000	719.710	-992.600	4713.000
1572.000	719.720	-948.100	4716.020
1573.000	719.730	-912.100	4719.038
1574.000	719.740	-903.300	4722.057
1575.000	719.750	-906.800	4725.076
1576.000	719.760	-909.500	4728.094
1577.000	719.770	-925.900	4730.973
1578.000	719.780	-921.000	4733.991
1579.000	719.790	-921.600	4737.011
1580.000	719.800	-920.300	4740.031
1581.000	719.810	-912.900	4743.050
1582.000	719.820	-952.800	4746.069
1583.000	719.830	-989.200	4749.088
1584.000	719.840	-1019.500	4752.106
1585.000	719.850	-1012.600	4754.982
1586.000	719.860	-1036.800	4758.002
1587.000	719.870	-1045.600	4761.022
1588.000	719.880	-1046.900	4764.041
1589.000	719.890	-1052.000	4767.063
1590.000	719.900	-1054.300	4770.082
1591.000	719.910	-1048.800	4773.102
1592.000	719.920	-1049.200	4775.978
1593.000	719.930	-1033.000	4778.999
1594.000	719.940	-1011.900	4782.022
1595.000	719.950	-1027.200	4785.041
1596.000	719.960	-1001.700	4788.060
1597.000	719.970	-995.600	4791.080
1598.000	719.980	-1013.100	4794.100
1599.000	719.990	-991.800	4796.978
1600.000	720.000	-979.300	4799.998
1601.000	720.010	-950.900	4803.018
1602.000	720.020	-975.300	4806.036
1603.000	720.030	-983.100	4809.056
1604.000	720.040	-989.700	4812.076
1605.000	720.050	-977.600	4815.096
1606.000	720.060	-987.300	4817.974
1607.000	720.070	-981.300	4820.992
1608.000	720.080	-1002.200	4824.012
1609.000	720.090	-994.700	4827.033
1610.000	720.100	-1002.700	4830.050
1611.000	720.110	-1000.600	4833.071
1612.000	720.120	-997.900	4836.092
1613.000	720.130	-1001.300	4839.113
1614.000	720.140	-1026.000	4841.989
1615.000	720.150	-1056.400	4845.009
1616.000	720.160	-1008.700	4848.029
1617.000	720.170	-971.000	4851.048
1618.000	720.180	-933.900	4854.069
1619.000	720.190	-882.700	4857.089
1620.000	720.200	-873.100	4860.108
1621.000	720.210	-905.500	4862.986
1622.000	720.220	-895.900	4866.005
1623.000	720.230	-901.400	4869.023
1624.000	720.240	-905.800	4872.043
1625.000	720.250	-935.800	4875.060
1626.000	720.260	-948.000	4878.080
1627.000	720.270	-959.600	4881.100
1628.000	720.280	-967.800	4883.977
1629.000	720.290	-979.300	4886.998
1630.000	720.300	-993.000	4890.017
1631.000	720.310	-956.400	4893.038
1632.000	720.320	-914.500	4896.059
1633.000	720.330	-907.400	4899.077
1634.000	720.340	-904.600	4902.096
1635.000	720.350	-904.600	4904.975
1636.000	720.360	-928.200	4907.994
1637.000	720.370	-935.400	4911.013
1638.000	720.380	-965.500	4914.034
1639.000	720.390	-971.400	4917.052
1640.000	720.400	-963.500	4920.073
1641.000	720.410	-956.900	4923.095
1642.000	720.420	-970.100	4925.971
1643.000	720.430	-985.000	4928.990
1644.000	720.440	-1020.800	4932.009
1645.000	720.450	-972.800	4935.030
1646.000	720.460	-916.700	4938.050
1647.000	720.470	-902.800	4941.070
1648.000	720.480	-907.300	4944.089
1649.000	720.490	-906.600	4947.108
1650.000	720.500	-929.200	4949.987
1651.000	720.510	-933.900	4953.006
1652.000	720.520	-929.500	4956.025
1653.000	720.530	-921.900	4959.046
1654.000	720.540	-929.500	4962.066
1655.000	720.550	-940.100	4965.086
1656.000	720.560	-954.600	4968.108
1657.000	720.570	-989.700	4970.986
1658.000	720.580	-985.200	4974.005
1659.000	720.590	-982.700	4977.026
1660.000	720.600	-988.100	4980.047
1661.000	720.610	-996.000	4983.067
1662.000	720.620	-981.900	4986.085
1663.000	720.630	-998.200	4989.106
1664.000	720.640	-1023.400	4991.985
1665.000	720.650	-1036.400	4995.006
1666.000	720.660	-1036.000	4998.024
1667.000	720.670	-1002.100	5001.044
1668.000	720.680	-997.600	5004.065
1669.000	720.690	-983.900	5007.084
1670.000	720.700	-940.500	5010.105
1671.000	720.710	-879.400	5012.983
1672.000	720.720	-870.000	5016.003
1673.000	720.730	-861.600	5019.023
1674.000	720.740	-858.000	5022.041
1675.000	720.750	-841.000	5025.061
1676.000	720.760	-897.800	5028.083
1677.000	720.770	-936.200	5031.101
1678.000	720.780	-933.900	5033.980
1679.000	720.790	-908.300	5036.999
1680.000	720.800	-922.300	5040.018
1681.000	720.810	-921.300	5043.039
1682.000	720.820	-972.200	5046.059
1683.000	720.830	-981.900	5049.079
1684.000	720.840	-973.400	5052.098
1685.000	720.850	-996.700	5054.978
1686.000	720.860	-1023.600	5057.998
1687.000	720.870	-1042.600	5061.017
1688.000	720.880	-1039.400	5064.039
1689.000	720.890	-1027.800	5067.057
1690.000	720.900	-1017.700	5070.078
1691.000	720.910	-995.300	5073.098
1692.000	720.920	-1004.900	5075.975
1693.000	720.930	-997.000	5078.996
1694.000	720.940	-1023.400	5082.014
1695.000	720.950	-974.500	5085.035
1696.000	720.960	-960.800	5088.055
1697.000	720.970	-901.800	5091.074
1698.000	720.980	-859.700	5094.093
1699.000	720.990	-853.200	5096.972
1700.000	721.000	-851.600	5099.991
1701.000	721.010	-860.600	5103.009
1702.000	721.020	-872.200	5106.030
1703.000	721.030	-883.800	5109.051
1704.000	721.040	-860.900	5112.070
1705.000	721.050	-873.600	5115.093
1706.000	721.060	-902.000	5118.112
1707.000	721.070	-943.500	5120.990
1708.000	721.080	-953.700	5124.009
1709.000	721.090	-964.900	5127.030
1710.000	721.100	-962.400	5130.048
1711.000	721.110	-923.200	5133.069
1712.000	721.120	-862.400	5136.089
1713.000	721.130	-842.700	5139.109
1714.000	721.140	-822.400	5141.987
1715.000	721.150	-842.200	5145.006
1716.000	721.160	-861.700	5148.024
1717.000	721.170	-892.300	5151.045
1718.000	721.180	-927.700	5154.063
1719.000	721.190	-922.000	5157.083
1720.000	721.200	-906.900	5160.103
1721.000	721.210	-912.000	5162.979
1722.000	721.220	-919.700	5166.000
1723.000	721.230	-924.000	5169.020
1724.000	721.240	-919.100	5172.042
1725.000	721.250	-935.100	5175.060
1726.000	721.260	-961.700	5178.080
1727.000	721.270	-952.700	5181.101
1728.000	721.280	-955.800	5183.980
1729.000	721.290	-949.600	5186.998
1730.000	721.300	-929.800	5190.019
1731.000	721.310	-950.400	5193.039
1732.000	721.320	-962.600	5196.058
1733.000	721.330	-935.900	5199.080
1734.000	721.340	-876.500	5202.099
1735.000	721.350	-851.000	5204.976
1736.000	721.360	-831.700	5207.994
1737.000	721.370	-828.000	5211.016
1738.000	721.380	-836.300	5214.036
1739.000	721.390	-831.700	5217.055
1740.000	721.400	-854.500	5220.076
1741.000	721.410	-836.800	5223.096
1742.000	721.420	-837.800	5225.973
1743.000	721.430	-833.000	5228.991
1744.000	721.440	-850.900	5232.011
1745.000	721.450	-862.000	5235.029
1746.000	721.460	-875.300	5238.050
1747.000	721.470	-885.800	5243.142
1748.000	721.480	-909.300	5244.020
1749.000	721.490	-926.200	5247.040
1750.000	721.500	-918.600	5250.061
1751.000	721.510	-931.800	5253.079
1752.000	721.520	-925.300	5256.101
1753.000	721.530	-934.800	5258.979
1754.000	721.540	-964.000	5261.999
1755.000	721.550	-953.900	5265.018
1756.000	721.560	-929.400	5268.039
1757.000	721.570	-930.300	5271.059
1758.000	721.580	-931.100	5274.078
1759.000	721.590	-914.500	5277.099
1760.000	721.600	-914.200	5279.975
1761.000	721.610	-870.400	5282.994
1762.000	721.620	-842.700	5286.013
1763.000	721.630	-849.800	5289.034
1764.000	721.640	-849.800	5292.052
1765.000	721.650	-868.300	5295.073
1766.000	721.660	-881.300	5298.091
1767.000	721.670	-872.900	5301.109
1768.000	721.680	-877.000	5303.986
1769.000	721.690	-907.400	5307.006
1770.000	721.700	-898.600	5310.027
1771.000	721.710	-917.400	5313.046
1772.000	721.720	-908.400	5316.064
1773.000	721.730	-909.700	5319.083
1774.000	721.740	-926.100	5322.104
1775.000	721.750	-931.600	5324.981
1776.000	721.760	-925.000	5327.998
1777.000	721.770	-936.600	5331.018
1778.000	721.780	-925.500	5334.038
1779.000	721.790	-943.800	5337.057
1780.000	721.800	-962.600	5340.077
1781.000	721.810	-972.600	5343.099
1782.000	721.820	-972.800	5345.977
1783.000	721.830	-944.900	5348.996
1784.000	721.840	-928.800	5352.018
1785.000	721.850	-899.300	5355.039
1786.000	721.860	-842.200	5358.058
1787.000	721.870	-835.900	5361.080
1788.000	721.880	-814.700	5364.098
1789.000	721.890	-856.900	5366.976
1790.000	721.900	-860.200	5369.995
1791.000	721.910	-883.000	5373.014
1792.000	721.920	-868.700	5376.033
1793.000	721.930	-857.900	5379.054
1794.000	721.940	-880.000	5382.072
1795.000	721.950	-903.100	5385.092
1796.000	721.960	-948.600	5388.110
1797.000	721.970	-954.600	5390.987
1798.000	721.980	-948.100	5394.009
1799.000	721.990	-924.000	5397.028
1800.000	722.000	-886.100	5400.046
1801.000	722.010	-886.700	5403.067
1802.000	722.020	-882.600	5406.085
1803.000	722.030	-864.800	5409.106
1804.000	722.040	-872.500	5411.983
1805.000	722.050	-895.700	5415.001
1806.000	722.060	-922.100	5418.022
1807.000	722.070	-902.300	5421.040
1808.000	722.080	-878.200	5424.059
1809.000	722.090	-890.000	5427.080
1810.000	722.100	-906.000	5430.098
1811.000	722.110	-901.200	5432.977
1812.000	722.120	-909.600	5435.996
1813.000	722.130	-958.100	5439.015
1814.000	722.140	-957.500	5442.035
1815.000	722.150	-969.600	5445.055
1816.000	722.160	-982.400	5448.075
1817.000	722.170	-1008.500	5451.096
1818.000	722.180	-1003.800	5453.974
1819.000	722.190	-1030.600	5456.994
1820.000	722.200	-981.600	5460.014
1821.000	722.210	-936.400	5463.035
1822.000	722.220	-896.400	5466.055
1823.000	722.230	-873.000	5469.073
1824.000	722.240	-885.600	5472.093
1825.000	722.250	-912.400	5474.970
1826.000	722.260	-929.000	5477.989
1827.000	722.270	-929.300	5481.008
1828.000	722.280	-923.400	5484.027
1829.000	722.290	-897.500	5487.048
1830.000	722.300	-922.200	5490.067
1831.000	722.310	-932.200	5493.086
1832.000	722.320	-927.700	5496.105
1833.000	722.330	-935.400	5498.984
1834.000	722.340	-948.400	5502.004
1835.000	722.350	-967.400	5505.024
1836.000	722.360	-996.200	5508.044
1837.000	722.370	-997.200	5511.066
1838.000	722.380	-948.100	5514.084
1839.000	722.390	-928.400	5517.106
1840.000	722.400	-910.600	5519.983
1841.000	722.410	-919.900	5523.003
1842.000	722.420	-937.000	5526.022
1843.000	722.430	-959.800	5529.041
1844.000	722.440	-944.500	5532.060
1845.000	722.450	-937.600	5535.078
1846.000	722.460	-923.200	5538.100
1847.000	722.470	-921.600	5540.978
1848.000	722.480	-944.300	5543.996
1849.000	722.490	-970.100	5547.016
1850.000	722.500	-986.400	5550.036
1851.000	722.510	-996.800	5553.055
1852.000	722.520	-989.400	5556.075
1853.000	722.530	-991.300	5559.093
1854.000	722.540	-991.400	5562.111
1855.000	722.550	-967.300	5564.988
1856.000	722.560	-948.200	5568.008
1857.000	722.570	-943.800	5571.027
1858.000	722.580	-957.600	5574.046
1859.000	722.590	-983.100	5577.066
1860.000	722.600	-993.600	5580.085
1861.000	722.610	-985.500	5583.105
1862.000	722.620	-936.300	5585.982
1863.000	722.630	-902.900	5589.001
1864.000	722.640	-939.100	5592.022
1865.000	722.650	-970.200	5595.042
1866.000	722.660	-998.500	5598.063
1867.000	722.670	-996.100	5601.082
1868.000	722.680	-974.300	5604.102
1869.000	722.690	-991.700	5606.979
1870.000	722.700	-973.700	5609.997
1871.000	722.710	-986.500	5613.017
1872.000	722.720	-1000.800	5616.034
1873.000	722.730	-995.900	5619.054
1874.000	722.740	-993.300	5622.076
1875.000	722.750	-999.200	5625.094
1876.000	722.760	-1001.300	5627.973
1877.000	722.770	-987.000	5630.991
1878.000	722.780	-978.200	5634.012
1879.000	722.790	-951.400	5637.031
1880.000	722.800	-954.600	5640.051
1881.000	722.810	-939.500	5643.070
1882.000	722.820	-924.400	5646.088
1883.000	722.830	-966.200	5649.108
1884.000	722.840	-944.700	5651.986
1885.000	722.850	-902.600	5655.005
1886.000	722.860	-909.300	5658.025
1887.000	722.870	-965.900	5661.044
1888.000	722.880	-1018.400	5664.062
1889.000	722.890	-1047.200	5667.083
1890.000	722.900	-1052.700	5670.103
1891.000	722.910	-1013.900	5672.979
1892.000	722.920	-1006.000	5675.998
1893.000	722.930	-958.600	5679.017
1894.000	722.940	-939.600	5682.037
1895.000	722.950	-918.600	5685.055
1896.000	722.960	-924.900	5688.075
1897.000	722.970	-942.800	5691.095
1898.000	722.980	-965.900	5693.972
1899.000	722.990	-983.000	5696.992
1900.000	723.000	-931.200	5700.010
1901.000	723.010	-897.900	5703.031
1902.000	723.020	-918.700	5706.050
1903.000	723.030	-957.200	5709.071
1904.000	723.040	-968.000	5712.092
1905.000	723.050	-990.300	5715.111
1906.000	723.060	-958.600	5717.989
1907.000	723.070	-938.100	5721.009
1908.000	723.080	-917.500	5724.028
1909.000	723.090	-904.400	5727.048
1910.000	723.100	-899.200	5730.068
1911.000	723.110	-886.200	5733.087
1912.000	723.120	-902.100	5736.104
1913.000	723.130	-934.800	5738.983
1914.000	723.140	-954.900	5742.000
1915.000	723.150	-916.600	5745.021
1916.000	723.160	-901.900	5748.042
1917.000	723.170	-904.500	5751.062
1918.000	723.180	-945.200	5754.081
1919.000	723.190	-957.300	5757.101
1920.000	723.200	-971.400	5759.978
1921.000	723.210	-929.200	5762.999
1922.000	723.220	-872.000	5766.018
1923.000	723.230	-862.200	5769.036
1924.000	723.240	-877.400	5772.057
1925.000	723.250	-892.700	5775.076
1926.000	723.260	-903.900	5778.096
1927.000	723.270	-958.100	5780.975
1928.000	723.280	-916.800	5783.994
1929.000	723.290	-887.600	5787.013
1930.000	723.300	-884.200	5790.032
1931.000	723.310	-921.500	5793.050
1932.000	723.320	-964.900	5796.070
1933.000	723.330	-995.100	5799.089
1934.000	723.340	-981.300	5802.108
1935.000	723.350	-938.600	5804.985
1936.000	723.360	-939.500	5808.005
1937.000	723.370	-916.100	5811.023
1938.000	723.380	-927.800	5814.045
1939.000	723.390	-925.300	5817.064
1940.000	723.400	-933.600	5820.084
1941.000	723.410	-948.100	5823.105
1942.000	723.420	-935.400	5825.981
1943.000	723.430	-915.900	5829.001
1944.000	723.440	-926.500	5832.022
1945.000	723.450	-944.700	5835.041
1946.000	723.460	-952.700	5838.062
1947.000	723.470	-970.500	5841.080
1948.000	723.480	-960.200	5844.099
1949.000	723.490	-942.400	5846.977
1950.000	723.500	-931.900	5849.997
1951.000	723.510	-917.800	5853.016
1952.000	723.520	-920.000	5856.036
1953.000	723.530	-941.200	5859.057
1954.000	723.540	-959.500	5862.076
1955.000	723.550	-922.200	5865.094
1956.000	723.560	-905.400	5867.974
1957.000	723.570	-894.100	5870.993
1958.000	723.580	-908.700	5874.014
1959.000	723.590	-933.800	5877.034
1960.000	723.600	-947.300	5880.054
1961.000	723.610	-958.200	5883.072
1962.000	723.620	-943.200	5886.095
1963.000	723.630	-934.900	5889.115
1964.000	723.640	-915.000	5891.991
1965.000	723.650	-890.900	5895.011
1966.000	723.660	-883.800	5898.028
1967.000	723.670	-926.600	5901.049
1968.000	723.680	-941.900	5904.070
1969.000	723.690	-935.300	5907.088
1970.000	723.700	-908.900	5910.111
1971.000	723.710	-885.500	5912.988
1972.000	723.720	-886.800	5916.007
1973.000	723.730	-912.800	5919.030
1974.000	723.740	-945.300	5922.048
1975.000	723.750	-944.900	5925.068
1976.000	723.760	-945.400	5928.088
1977.000	723.770	-925.600	5931.107
1978.000	723.780	-925.300	5933.984
1979.000	723.790	-917.100	5937.004
1980.000	723.800	-916.800	5940.023
1981.000	723.810	-938.300	5943.042
1982.000	723.820	-931.100	5946.063
1983.000	723.830	-945.000	5949.084
1984.000	723.840	-948.000	5952.102
1985.000	723.850	-979.800	5954.982
1986.000	723.860	-939.100	5958.002
1987.000	723.870	-911.300	5961.023
1988.000	723.880	-931.400	5964.042
1989.000	723.890	-943.700	5967.061
1990.000	723.900	-981.100	5970.083
1991.000	723.910	-989.600	5973.103
1992.000	723.920	-980.100	5975.981
1993.000	723.930	-972.800	5979.000
1994.000	723.940	-967.100	5982.020
1995.000	723.950	-976.900	5985.040
1996.000	723.960	-990.000	5988.058
1997.000	723.970	-974.900	5991.079
1998.000	723.980	-920.600	5994.100
1999.000	723.990	-870.600	5996.977
2000.000	724.000	-869.500	5999.996
2001.000	724.010	-880.600	6003.015
2002.000	724.020	-888.500	6006.034
2003.000	724.030	-920.100	6009.055
2004.000	724.040	-934.700	6012.073
2005.000	724.050	-893.200	6015.092
2006.000	724.060	-868.300	6018.111
2007.000	724.070	-874.200	6020.988
2008.000	724.080	-915.900	6024.010
2009.000	724.090	-939.000	6027.027
2010.000	724.100	-979.500	6030.047
2011.000	724.110	-967.400	6033.065
2012.000	724.120	-971.500	6036.086
2013.000	724.130	-935.700	6039.105
2014.000	724.140	-928.800	6041.982
2015.000	724.150	-895.000	6045.002
2016.000	724.160	-894.400	6048.022
2017.000	724.170	-936.300	6051.042
2018.000	724.180	-922.700	6054.062
2019.000	724.190	-892.600	6057.082
2020.000	724.200	-898.300	6060.103
2021.000	724.210	-943.700	6062.977
2022.000	724.220	-954.000	6065.997
2023.000	724.230	-947.400	6069.016
2024.000	724.240	-941.400	6072.034
2025.000	724.250	-901.500	6075.053
2026.000	724.260	-905.300	6078.074
2027.000	724.270	-902.700	6081.094
2028.000	724.280	-925.500	6083.971
2029.000	724.290	-938.500	6086.991
2030.000	724.300	-957.100	6090.011
2031.000	724.310	-942.600	6093.031
2032.000	724.320	-938.000	6096.053
2033.000	724.330	-962.500	6099.073
2034.000	724.340	-998.700	6102.092
2035.000	724.350	-984.000	6104.971
2036.000	724.360	-995.100	6107.991
2037.000	724.370	-1010.600	6111.012
2038.000	724.380	-1003.700	6114.030
2039.000	724.390	-982.900	6117.051
2040.000	724.400	-953.300	6120.070
2041.000	724.410	-927.400	6123.090
2042.000	724.420	-928.900	6126.110
2043.000	724.430	-908.300	6128.988
2044.000	724.440	-908.800	6132.007
2045.000	724.450	-898.900	6135.028
2046.000	724.460	-906.000	6138.047
2047.000	724.470	-919.900	6141.065
2048.000	724.480	-934.300	6144.085
2049.000	724.490	-930.700	6147.105
2050.000	724.500	-950.600	6149.984
2051.000	724.510	-984.600	6153.003
2052.000	724.520	-966.200	6156.022
2053.000	724.530	-924.500	6159.040
2054.000	724.540	-916.400	6162.061
2055.000	724.550	-918.000	6165.083
2056.000	724.560	-924.600	6168.102
2057.000	724.570	-892.300	6170.978
2058.000	724.580	-907.800	6173.997
2059.000	724.590	-906.700	6177.017
2060.000	724.600	-858.000	6180.036
2061.000	724.610	-879.200	6183.055
2062.000	724.620	-919.600	6186.075
2063.000	724.630	-930.900	6189.095
2064.000	724.640	-954.400	6191.973
2065.000	724.650	-917.800	6194.993
2066.000	724.660	-871.400	6198.013
2067.000	724.670	-859.600	6201.033
2068.000	724.680	-850.900	6204.052
2069.000	724.690	-906.500	6207.071
2070.000	724.700	-930.300	6210.090
2071.000	724.710	-920.600	6213.109
2072.000	724.720	-915.800	6215.989
2073.000	724.730	-930.100	6219.006
2074.000	724.740	-933.900	6222.026
2075.000	724.750	-933.200	6225.045
2076.000	724.760	-905.800	6228.063
2077.000	724.770	-883.900	6231.083
2078.000	724.780	-920.300	6234.104
2079.000	724.790	-928.300	6236.981
2080.000	724.800	-950.300	6239.999
2081.000	724.810	-948.200	6243.020
2082.000	724.820	-966.200	6246.040
2083.000	724.830	-976.800	6249.061
2084.000	724.840	-978.000	6252.080
2085.000	724.850	-953.900	6255.100
2086.000	724.860	-951.800	6257.979
2087.000	724.870	-951.400	6260.998
2088.000	724.880	-896.600	6264.019
2089.000	724.890	-839.500	6267.040
2090.000	724.900	-826.800	6270.059
2091.000	724.910	-799.800	6273.078
2092.000	724.920	-809.700	6276.097
2093.000	724.930	-838.500	6278.972
2094.000	724.940	-867.500	6281.992
2095.000	724.950	-896.600	6285.012
2096.000	724.960	-922.200	6288.032
2097.000	724.970	-919.900	6291.051
2098.000	724.980	-897.300	6294.068
2099.000	724.990	-903.300	6297.090
2100.000	725.000	-902.000	6300.109
2101.000	725.010	-921.200	6302.986
2102.000	725.020	-921.300	6306.005
2103.000	725.030	-854.400	6309.024
2104.000	725.040	-841.800	6312.044
2105.000	725.050	-836.800	6315.062
2106.000	725.060	-837.500	6318.082
2107.000	725.070	-858.100	6321.103
2108.000	725.080	-887.500	6323.979
2109.000	725.090	-891.300	6326.998
2110.000	725.100	-905.100	6330.017
2111.000	725.110	-889.800	6333.037
2112.000	725.120	-873.000	6336.057
2113.000	725.130	-902.700	6339.077
2114.000	725.140	-937.400	6342.097
2115.000	725.150	-928.600	6344.973
2116.000	725.160	-924.200	6347.995
2117.000	725.170	-898.500	6351.014
2118.000	725.180	-860.800	6354.035
2119.000	725.190	-825.200	6357.056
2120.000	725.200	-839.700	6360.075
2121.000	725.210	-848.100	6363.095
2122.000	725.220	-866.700	6365.971
2123.000	725.230	-916.100	6368.992
2124.000	725.240	-903.600	6372.013
2125.000	725.250	-871.200	6375.031
2126.000	725.260	-885.200	6378.050
2127.000	725.270	-942.700	6381.070
2128.000	725.280	-966.900	6384.090
2129.000	725.290	-952.300	6387.109
2130.000	725.300	-907.600	6389.986
2131.000	725.310	-904.800	6393.009
2132.000	725.320	-904.900	6396.027
2133.000	725.330	-872.700	6399.047
2134.000	725.340	-905.000	6402.067
2135.000	725.350	-928.300	6405.087
2136.000	725.360	-939.100	6408.108
2137.000	725.370	-915.600	6410.984
2138.000	725.380	-908.500	6414.004
2139.000	725.390	-916.600	6417.023
2140.000	725.400	-909.700	6420.042
2141.000	725.410	-917.400	6423.063
2142.000	725.420	-925.900	6426.082
2143.000	725.430	-940.100	6429.102
2144.000	725.440	-938.300	6431.980
2145.000	725.450	-923.400	6434.997
2146.000	725.460	-876.700	6438.018
2147.000	725.470	-890.700	6443.100
2148.000	725.480	-866.900	6443.978
2149.000	725.490	-884.000	6446.996
2150.000	725.500	-901.700	6450.015
2151.000	725.510	-909.300	6453.035
2152.000	725.520	-920.700	6456.054
2153.000	725.530	-924.600	6459.075
2154.000	725.540	-943.400	6462.095
2155.000	725.550	-959.200	6464.971
2156.000	725.560	-991.500	6467.993
2157.000	725.570	-968.300	6471.012
2158.000	725.580	-964.100	6474.032
2159.000	725.590	-959.200	6477.053
2160.000	725.600	-938.400	6480.074
2161.000	725.610	-905.200	6483.094
2162.000	725.620	-902.900	6485.970
2163.000	725.630	-902.200	6488.991
2164.000	725.640	-909.800	6492.010
2165.000	725.650	-909.700	6495.029
2166.000	725.660	-915.300	6498.052
2167.000	725.670	-915.500	6501.070
2168.000	725.680	-948.700	6504.091
2169.000	725.690	-966.100	6507.110
2170.000	725.700	-987.100	6509.987
2171.000	725.710	-961.500	6513.010
2172.000	725.720	-947.700	6516.029
2173.000	725.730	-953.300	6519.050
2174.000	725.740	-956.300	6522.069
2175.000	725.750	-957.100	6525.088
2176.000	725.760	-957.900	6528.108
2177.000	725.770	-961.700	6530.985
2178.000	725.780	-1003.600	6534.005
2179.000	725.790	-1007.900	6537.025
2180.000	725.800	-1011.000	6540.046
2181.000	725.810	-966.200	6543.067
2182.000	725.820	-947.900	6546.085
2183.000	725.830	-927.400	6549.106
2184.000	725.840	-921.200	6551.983
2185.000	725.850	-945.200	6555.005
2186.000	725.860	-950.800	6558.024
2187.000	725.870	-949.800	6561.044
2188.000	725.880	-959.400	6564.067
2189.000	725.890	-932.700	6567.088
2190.000	725.900	-932.000	6570.108
2191.000	725.910	-928.200	6572.985
2192.000	725.920	-937.700	6576.004
2193.000	725.930	-939.300	6579.024
2194.000	725.940	-969.900	6582.042
2195.000	725.950	-956.300	6585.062
2196.000	725.960	-978.400	6588.083
2197.000	725.970	-985.100	6591.101
2198.000	725.980	-988.700	6593.980
2199.000	725.990	-977.500	6596.998
2200.000	726.000	-952.900	6600.019
2201.000	726.010	-961.300	6603.042
2202.000	726.020	-935.400	6606.061
2203.000	726.030	-949.200	6609.081
2204.000	726.040	-969.200	6612.099
2205.000	726.050	-985.800	6614.978
2206.000	726.060	-966.200	6618.000
2207.000	726.070	-994.100	6621.019
2208.000	726.080	-984.300	6624.040
2209.000	726.090	-950.800	6627.058
2210.000	726.100	-940.500	6630.078
2211.000	726.110	-907.500	6633.097
2212.000	726.120	-881.200	6635.975
2213.000	726.130	-824.600	6638.994
2214.000	726.140	-828.600	6642.014
2215.000	726.150	-827.400	6645.033
2216.000	726.160	-819.000	6648.052
2217.000	726.170	-852.300	6651.072
2218.000	726.180	-858.800	6654.091
2219.000	726.190	-861.700	6657.112
2220.000	726.200	-859.000	6659.989
2221.000	726.210	-868.800	6663.007
2222.000	726.220	-891.200	6666.026
2223.000	726.230	-907.700	6669.045
2224.000	726.240	-952.800	6672.064
2225.000	726.250	-1000.400	6675.084
2226.000	726.260	-986.800	6678.106
2227.000	726.270	-980.400	6680.982
2228.000	726.280	-991.900	6684.003
2229.000	726.290	-997.500	6687.022
2230.000	726.300	-986.700	6690.044
2231.000	726.310	-946.300	6693.063
2232.000	726.320	-932.100	6696.083
2233.000	726.330	-900.000	6699.105
2234.000	726.340	-861.800	6701.981
2235.000	726.350	-851.300	6705.002
2236.000	726.360	-865.000	6708.021
2237.000	726.370	-888.000	6711.042
2238.000	726.380	-926.600	6714.062
2239.000	726.390	-934.700	6717.083
2240.000	726.400	-924.700	6720.103
2241.000	726.410	-936.900	6722.981
2242.000	726.420	-942.800	6726.001
2243.000	726.430	-965.200	6729.021
2244.000	726.440	-965.200	6732.042
2245.000	726.450	-929.100	6735.063
2246.000	726.460	-915.300	6738.083
2247.000	726.470	-944.100	6741.104
2248.000	726.480	-929.600	6743.982
2249.000	726.490	-941.200	6747.001
2250.000	726.500	-932.200	6750.020
2251.000	726.510	-951.900	6753.040
2252.000	726.520	-940.700	6756.061
2253.000	726.530	-964.700	6759.082
2254.000	726.540	-956.800	6762.104
2255.000	726.550	-969.200	6764.980
2256.000	726.560	-961.200	6768.001
2257.000	726.570	-943.200	6771.021
2258.000	726.580	-930.300	6774.041
2259.000	726.590	-892.200	6777.062
2260.000	726.600	-859.300	6780.081
2261.000	726.610	-863.100	6783.100
2262.000	726.620	-846.500	6785.976
2263.000	726.630	-835.800	6788.998
2264.000	726.640	-867.800	6792.017
2265.000	726.650	-879.100	6795.041
2266.000	726.660	-862.200	6798.062
2267.000	726.670	-885.800	6801.082
2268.000	726.680	-904.900	6804.101
2269.000	726.690	-927.500	6806.976
2270.000	726.700	-933.000	6809.998
2271.000	726.710	-927.300	6813.016
2272.000	726.720	-928.400	6816.035
2273.000	726.730	-898.700	6819.055
2274.000	726.740	-872.800	6822.077
2275.000	726.750	-863.700	6825.096
2276.000	726.760	-856.300	6827.975
2277.000	726.770	-857.000	6830.994
2278.000	726.780	-854.800	6834.012
2279.000	726.790	-869.900	6837.032
2280.000	726.800	-860.500	6840.054
2281.000	726.810	-863.100	6843.073
2282.000	726.820	-894.300	6846.096
2283.000	726.830	-911.800	6848.972
2284.000	726.840	-938.300	6851.992
2285.000	726.850	-929.600	6855.012
2286.000	726.860	-863.700	6858.031
2287.000	726.870	-843.000	6861.052
2288.000	726.880	-849.900	6864.073
2289.000	726.890	-868.700	6867.093
2290.000	726.900	-878.900	6869.969
2291.000	726.910	-889.900	6872.990
2292.000	726.920	-924.600	6876.009
2293.000	726.930	-903.000	6879.028
2294.000	726.940	-887.300	6882.049
2295.000	726.950	-896.700	6885.069
2296.000	726.960	-942.100	6888.090
2297.000	726.970	-919.800	6890.967
2298.000	726.980	-954.200	6893.986
2299.000	726.990	-968.000	6897.007
2300.000	727.000	-987.100	6900.028
2301.000	727.010	-987.100	6903.048
2302.000	727.020	-995.300	6906.068
2303.000	727.030	-931.600	6909.087
2304.000	727.040	-913.800	6912.107
2305.000	727.050	-875.000	6914.985
2306.000	727.060	-856.900	6918.005
2307.000	727.070	-866.000	6921.028
2308.000	727.080	-871.300	6924.047
2309.000	727.090	-873.300	6927.065
2310.000	727.100	-889.400	6930.086
2311.000	727.110	-910.700	6933.108
2312.000	727.120	-933.400	6935.985
2313.000	727.130	-968.000	6939.005
2314.000	727.140	-952.700	6942.026
2315.000	727.150	-942.400	6945.047
2316.000	727.160	-935.500	6948.067
2317.000	727.170	-945.200	6951.087
2318.000	727.180	-927.700	6954.108
2319.000	727.190	-901.200	6956.984
2320.000	727.200	-889.300	6960.004
2321.000	727.210	-887.000	6963.023
2322.000	727.220	-876.900	6966.045
2323.000	727.230	-897.200	6969.064
2324.000	727.240	-896.000	6972.084
2325.000	727.250	-920.200	6975.103
2326.000	727.260	-926.500	6977.979
2327.000	727.270	-936.100	6981.000
2328.000	727.280	-946.800	6984.021
2329.000	727.290	-942.500	6987.042
2330.000	727.300	-944.700	6990.063
2331.000	727.310	-941.600	6993.083
2332.000	727.320	-935.000	6996.103
2333.000	727.330	-943.500	6998.978
2334.000	727.340	-968.000	7001.998
2335.000	727.350	-991.300	7005.020
2336.000	727.360	-972.100	7008.039
2337.000	727.370	-970.700	7011.059
2338.000	727.380	-963.400	7014.079
2339.000	727.390	-963.600	7017.099
2340.000	727.400	-901.400	7019.978
2341.000	727.410	-858.900	7022.999
2342.000	727.420	-868.900	7026.019
2343.000	727.430	-869.400	7029.037
2344.000	727.440	-891.100	7032.058
2345.000	727.450	-892.300	7035.078
2346.000	727.460	-905.100	7038.097
2347.000	727.470	-917.400	7040.976
2348.000	727.480	-931.100	7043.997
2349.000	727.490	-927.900	7047.016
2350.000	727.500	-944.200	7050.035
2351.000	727.510	-971.600	7053.057
2352.000	727.520	-979.800	7056.077
2353.000	727.530	-963.100	7059.097
2354.000	727.540	-981.300	7061.974
2355.000	727.550	-958.700	7064.993
2356.000	727.560	-953.700	7068.013
2357.000	727.570	-967.200	7071.031
2358.000	727.580	-960.900	7074.052
2359.000	727.590	-938.500	7077.073
2360.000	727.600	-892.300	7080.091
2361.000	727.610	-863.800	7082.970
2362.000	727.620	-849.800	7085.989
2363.000	727.630	-854.300	7089.009
2364.000	727.640	-870.000	7092.030
2365.000	727.650	-919.900	7095.049
2366.000	727.660	-912.700	7098.068
2367.000	727.670	-916.900	7101.089
2368.000	727.680	-954.000	7104.108
2369.000	727.690	-975.800	7106.986
2370.000	727.700	-988.100	7110.006
2371.000	727.710	-996.400	7113.027
2372.000	727.720	-1000.100	7116.048
2373.000	727.730	-975.800	7119.067
2374.000	727.740	-983.300	7122.086
2375.000	727.750	-953.500	7125.106
2376.000	727.760	-944.000	7127.983
2377.000	727.770	-935.300	7131.003
2378.000	727.780	-944.500	7134.021
2379.000	727.790	-940.200	7137.041
2380.000	727.800	-929.100	7140.062
2381.000	727.810	-908.000	7143.085
2382.000	727.820	-918.000	7146.106
2383.000	727.830	-893.600	7148.983
2384.000	727.840	-884.300	7152.003
2385.000	727.850	-884.400	7155.024
2386.000	727.860	-871.200	7158.045
2387.000	727.870	-887.400	7161.067
2388.000	727.880	-911.900	7164.085
2389.000	727.890	-914.700	7167.106
2390.000	727.900	-939.500	7169.983
2391.000	727.910	-938.100	7173.002
2392.000	727.920	-958.300	7176.021
2393.000	727.930	-953.100	7179.042
2394.000	727.940	-950.100	7182.062
2395.000	727.950	-960.100	7185.081
2396.000	727.960	-956.300	7188.102
2397.000	727.970	-954.200	7190.979
2398.000	727.980	-1004.000	7193.997
2399.000	727.990	-980.000	7197.019
2400.000	728.000	-958.600	7200.039
2401.000	728.010	-926.100	7203.059
2402.000	728.020	-906.300	7206.080
2403.000	728.030	-896.700	7209.098
2404.000	728.040	-905.800	7211.976
2405.000	728.050	-891.900	7214.996
2406.000	728.060	-894.100	7218.018
2407.000	728.070	-887.800	7221.036
2408.000	728.080	-919.600	7224.057
2409.000	728.090	-949.100	7227.077
2410.000	728.100	-972.900	7230.098
2411.000	728.110	-985.000	7232.976
2412.000	728.120	-988.300	7235.996
2413.000	728.130	-1001.600	7239.016
2414.000	728.140	-975.500	7242.036
2415.000	728.150	-973.200	7245.054
2416.000	728.160	-964.400	7248.076
2417.000	728.170	-976.600	7251.095
2418.000	728.180	-1003.100	7253.972
2419.000	728.190	-1008.700	7256.992
2420.000	728.200	-996.400	7260.012
2421.000	728.210	-989.500	7263.032
2422.000	728.220	-994.300	7266.054
2423.000	728.230	-952.400	7269.073
2424.000	728.240	-955.700	7272.093
2425.000	728.250	-940.400	7274.970
2426.000	728.260	-915.700	7277.990
2427.000	728.270	-879.800	7281.009
2428.000	728.280	-865.300	7284.032
2429.000	728.290	-867.200	7287.052
2430.000	728.300	-884.200	7290.070
2431.000	728.310	-897.900	7293.091
2432.000	728.320	-913.600	7296.111
2433.000	728.330	-918.100	7298.988
2434.000	728.340	-939.100	7302.009
2435.000	728.350	-958.300	7305.028
2436.000	728.360	-957.000	7308.048
2437.000	728.370	-972.800	7311.067
2438.000	728.380	-993.200	7314.088
2439.000	728.390	-975.900	7317.110
2440.000	728.400	-977.200	7319.986
2441.000	728.410	-989.100	7323.008
2442.000	728.420	-1000.900	7326.027
2443.000	728.430	-1031.800	7329.050
2444.000	728.440	-1019.500	7332.069
2445.000	728.450	-995.500	7335.091
2446.000	728.460	-1015.300	7338.112
2447.000	728.470	-1022.800	7340.988
2448.000	728.480	-1009.400	7344.008
2449.000	728.490	-1002.000	7347.028
2450.000	728.500	-996.900	7350.048
2451.000	728.510	-937.500	7353.070
2452.000	728.520	-875.900	7356.090
2453.000	728.530	-860.800	7359.111
2454.000	728.540	-837.200	7361.987
2455.000	728.550	-835.500	7365.006
2456.000	728.560	-844.100	7368.028
2457.000	728.570	-897.200	7371.049
2458.000	728.580	-911.300	7374.068
2459.000	728.590	-930.500	7377.085
2460.000	728.600	-932.600	7380.104
2461.000	728.610	-953.400	7382.982
2462.000	728.620	-976.300	7385.999
2463.000	728.630	-985.100	7389.021
2464.000	728.640	-966.600	7392.040
2465.000	728.650	-998.200	7395.060
2466.000	728.660	-997.800	7398.082
2467.000	728.670	-996.700	7401.100
2468.000	728.680	-949.700	7403.978
2469.000	728.690	-912.300	7406.998
2470.000	728.700	-892.700	7410.019
2471.000	728.710	-893.100	7413.038
2472.000	728.720	-876.100	7416.058
2473.000	728.730	-890.600	7419.078
2474.000	728.740	-872.300	7422.097
2475.000	728.750	-907.100	7424.975
2476.000	728.760	-943.200	7427.995
2477.000	728.770	-911.300	7431.014
2478.000	728.780	-921.900	7434.035
2479.000	728.790	-936.800	7437.056
2480.000	728.800	-964.500	7440.077
2481.000	728.810	-966.600	7443.096
2482.000	728.820	-948.700	7445.973
2483.000	728.830	-932.300	7448.993
2484.000	728.840	-917.100	7452.012
2485.000	728.850	-935.800	7455.033
2486.000	728.860	-905.100	7458.054
2487.000	728.870	-938.000	7461.074
2488.000	728.880	-947.800	7464.095
2489.000	728.890	-943.600	7466.972
2490.000	728.900	-936.400	7469.992
2491.000	728.910	-951.200	7473.012
2492.000	728.920	-922.600	7476.032
2493.000	728.930	-938.600	7479.052
2494.000	728.940	-938.500	7482.071
2495.000	728.950	-952.200	7485.091
2496.000	728.960	-969.200	7488.110
2497.000	728.970	-969.500	7490.988
2498.000	728.980	-995.500	7494.010
2499.000	728.990	-1004.000	7497.029
2500.000	729.000	-1039.500	7500.049
2501.000	729.010	-1016.800	7503.068
2502.000	729.020	-994.100	7506.089
2503.000	729.030	-965.700	7509.110
2504.000	729.040	-975.100	7511.987
2505.000	729.050	-972.700	7515.005
2506.000	729.060	-958.200	7518.025
2507.000	729.070	-884.300	7521.046
2508.000	729.080	-878.600	7524.066
2509.000	729.090	-849.600	7527.085
2510.000	729.100	-823.500	7530.103
2511.000	729.110	-800.000	7532.979
2512.000	729.120	-804.800	7535.999
2513.000	729.130	-830.000	7539.018
2514.000	729.140	-869.200	7542.038
2515.000	729.150	-896.900	7545.057
2516.000	729.160	-922.600	7548.077
2517.000	729.170	-930.800	7551.097
2518.000	729.180	-925.400	7553.974
2519.000	729.190	-961.600	7556.993
2520.000	729.200	-992.600	7560.014
2521.000	729.210	-1004.800	7563.035
2522.000	729.220	-987.900	7566.054
2523.000	729.230	-972.300	7569.074
2524.000	729.240	-956.300	7572.095
2525.000	729.250	-948.200	7575.113
2526.000	729.260	-907.700	7577.990
2527.000	729.270	-885.600	7581.009
2528.000	729.280	-889.200	7584.029
2529.000	729.290	-839.900	7587.049
2530.000	729.300	-873.600	7590.070
2531.000	729.310	-868.400	7593.089
2532.000	729.320	-852.400	7596.109
2533.000	729.330	-871.000	7598.988
2534.000	729.340	-867.000	7602.008
2535.000	729.350	-858.500	7605.029
2536.000	729.360	-865.200	7608.049
2537.000	729.370	-883.400	7611.069
2538.000	729.380	-870.100	7614.091
2539.000	729.390	-867.500	7617.109
2540.000	729.400	-875.500	7619.989
2541.000	729.410	-873.700	7623.008
2542.000	729.420	-869.700	7626.029
2543.000	729.430	-875.300	7629.050
2544.000	729.440	-879.300	7632.068
2545.000	729.450	-886.000	7635.089
2546.000	729.460	-922.400	7638.107
2547.000	729.470	-944.800	7643.048
2548.000	729.480	-927.600	7644.071
2549.000	729.490	-944.800	7647.090
2550.000	729.500	-955.300	7650.112
2551.000	729.510	-948.900	7652.989
2552.000	729.520	-939.200	7656.008
2553.000	729.530	-896.600	7659.028
2554.000	729.540	-881.500	7662.049
2555.000	729.550	-860.500	7665.068
2556.000	729.560	-837.000	7668.089
2557.000	729.570	-819.800	7671.112
2558.000	729.580	-849.700	7673.988
2559.000	729.590	-877.700	7677.007
2560.000	729.600	-911.600	7680.029
2561.000	729.610	-931.200	7683.049
2562.000	729.620	-884.400	7686.072
2563.000	729.630	-898.300	7689.090
2564.000	729.640	-896.400	7692.110
2565.000	729.650	-915.900	7694.989
2566.000	729.660	-919.700	7698.009
2567.000	729.670	-896.900	7701.031
2568.000	729.680	-920.100	7704.051
2569.000	729.690	-950.300	7707.072
2570.000	729.700	-954.800	7710.092
2571.000	729.710	-947.500	7712.971
2572.000	729.720	-931.700	7715.991
2573.000	729.730	-934.600	7719.011
2574.000	729.740	-935.800	7722.031
2575.000	729.750	-920.400	7725.053
2576.000	729.760	-933.400	7728.073
2577.000	729.770	-899.300	7731.094
2578.000	729.780	-872.200	7733.970
2579.000	729.790	-854.000	7736.991
2580.000	729.800	-862.100	7740.012
2581.000	729.810	-852.000	7743.030
2582.000	729.820	-855.900	7746.051
2583.000	729.830	-849.500	7749.071
2584.000	729.840	-874.600	7752.091
2585.000	729.850	-877.200	7754.970
2586.000	729.860	-884.500	7757.989
2587.000	729.870	-894.600	7761.010
2588.000	729.880	-890.900	7764.029
2589.000	729.890	-912.900	7767.049
2590.000	729.900	-930.000	7770.069
2591.000	729.910	-931.500	7773.090
2592.000	729.920	-938.400	7776.112
2593.000	729.930	-914.500	7778.988
2594.000	729.940	-930.000	7782.009
2595.000	729.950	-929.600	7785.030
2596.000	729.960	-927.800	7788.049
2597.000	729.970	-891.800	7791.070
2598.000	729.980	-878.700	7794.090
2599.000	729.990	-907.400	7797.109
2600.000	730.000	-892.600	7799.986
2601.000	730.010	-838.900	7803.006
2602.000	730.020	-851.500	7806.026
2603.000	730.030	-842.200	7809.047
2604.000	730.040	-838.900	7812.067
2605.000	730.050	-862.100	7815.088
2606.000	730.060	-885.400	7818.107
2607.000	730.070	-883.500	7820.987
2608.000	730.080	-884.400	7824.006
2609.000	730.090	-885.000	7827.026
2610.000	730.100	-886.900	7830.045
2611.000	730.110	-903.600	7833.066
2612.000	730.120	-921.800	7836.085
2613.000	730.130	-915.800	7839.106
2614.000	730.140	-963.400	7841.984
2615.000	730.150	-950.800	7845.004
2616.000	730.160	-978.300	7848.025
2617.000	730.170	-952.700	7851.046
2618.000	730.180	-960.100	7854.065
2619.000	730.190	-951.800	7857.087
2620.000	730.200	-936.700	7860.107
2621.000	730.210	-911.400	7862.986
2622.000	730.220	-906.300	7866.007
2623.000	730.230	-924.900	7869.027
2624.000	730.240	-926.500	7872.046
2625.000	730.250	-936.000	7875.065
2626.000	730.260	-918.300	7878.087
2627.000	730.270	-886.500	7881.106
2628.000	730.280	-880.000	7883.983
2629.000	730.290	-898.700	7887.003
2630.000	730.300	-868.500	7890.024
2631.000	730.310	-877.800	7893.045
2632.000	730.320	-889.200	7896.067
2633.000	730.330	-884.200	7899.087
2634.000	730.340	-829.000	7902.107
2635.000	730.350	-792.600	7904.984
2636.000	730.360	-790.600	7908.003
2637.000	730.370	-782.200	7911.021
2638.000	730.380	-802.200	7914.041
2639.000	730.390	-810.200	7917.062
2640.000	730.400	-815.200	7920.082
2641.000	730.410	-829.100	7923.103
2642.000	730.420	-847.400	7925.979
2643.000	730.430	-851.800	7928.999
2644.000	730.440	-849.000	7932.020
2645.000	730.450	-879.500	7935.037
2646.000	730.460	-900.800	7938.059
2647.000	730.470	-868.500	7941.076
2648.000	730.480	-838.900	7944.095
2649.000	730.490	-861.600	7946.973
2650.000	730.500	-892.200	7949.991
2651.000	730.510	-869.600	7953.012
2652.000	730.520	-892.400	7956.033
2653.000	730.530	-922.400	7959.053
2654.000	730.540	-917.400	7962.072
2655.000	730.550	-923.600	7965.091
2656.000	730.560	-935.300	7968.111
2657.000	730.570	-946.700	7970.988
2658.000	730.580	-915.300	7974.008
2659.000	730.590	-908.500	7977.030
2660.000	730.600	-897.800	7980.048
2661.000	730.610	-884.800	7983.069
2662.000	730.620	-905.400	7986.089
2663.000	730.630	-890.700	7989.108
2664.000	730.640	-849.900	7991.987
2665.000	730.650	-806.900	7995.008
2666.000	730.660	-786.600	7998.027
2667.000	730.670	-792.800	8001.047
2668.000	730.680	-799.900	8004.067
2669.000	730.690	-777.600	8007.088
2670.000	730.700	-796.500	8010.105
2671.000	730.710	-828.000	8012.984
2672.000	730.720	-840.600	8016.004
2673.000	730.730	-845.700	8019.025
2674.000	730.740	-866.000	8022.047
2675.000	730.750	-896.500	8025.065
2676.000	730.760	-907.700	8028.086
2677.000	730.770	-913.800	8031.106
2678.000	730.780	-905.600	8033.985
2679.000	730.790	-922.200	8037.007
2680.000	730.800	-908.000	8040.026
2681.000	730.810	-905.100	8043.047
2682.000	730.820	-880.900	8046.069
2683.000	730.830	-869.100	8049.089
2684.000	730.840	-873.500	8052.110
2685.000	730.850	-882.300	8054.985
2686.000	730.860	-913.500	8058.005
2687.000	730.870	-887.700	8061.024
2688.000	730.880	-873.500	8064.044
2689.000	730.890	-877.100	8067.064
2690.000	730.900	-879.100	8070.084
2691.000	730.910	-916.100	8073.103
2692.000	730.920	-921.200	8075.980
2693.000	730.930	-923.000	8079.000
2694.000	730.940	-952.500	8082.022
2695.000	730.950	-944.000	8085.039
2696.000	730.960	-949.800	8088.062
2697.000	730.970	-923.200	8091.080
2698.000	730.980	-921.100	8094.101
2699.000	730.990	-929.300	8096.978
2700.000	731.000	-924.800	8099.997
2701.000	731.010	0.000	8103.018
