0.000	709.000	-3111.800	0.000
1.000	708.990	-3009.800	0.721
2.000	708.980	-2944.300	3.726
3.000	708.970	-2847.900	6.731
4.000	708.960	-2856.100	9.736
5.000	708.950	-2975.800	12.740
6.000	708.940	-3084.700	15.745
7.000	708.930	-3035.400	18.750
8.000	708.920	-3058.100	21.755
9.000	708.910	-3074.600	24.759
10.000	708.900	-2996.800	27.622
11.000	708.890	-2990.600	30.627
12.000	708.880	-3032.900	33.630
13.000	708.870	-3021.700	36.635
14.000	708.860	-3068.200	39.639
15.000	708.850	-3024.300	42.646
16.000	708.840	-3000.000	45.652
17.000	708.830	-2939.500	48.657
18.000	708.820	-2934.100	51.662
19.000	708.810	-3010.800	54.666
20.000	708.800	-3005.000	57.670
21.000	708.790	-2987.900	60.674
22.000	708.780	-2993.200	63.680
23.000	708.770	-3022.300	66.684
24.000	708.760	-3062.500	69.689
25.000	708.750	-3070.300	72.694
26.000	708.740	-3151.600	75.699
27.000	708.730	-3161.900	78.705
28.000	708.720	-3177.700	81.710
29.000	708.710	-3214.700	84.714
30.000	708.700	-3164.800	87.719
31.000	708.690	-3152.700	90.723
32.000	708.680	-3192.400	93.728
33.000	708.670	-3180.600	96.733
34.000	708.660	-3137.000	99.738
35.000	708.650	-3167.500	102.744
36.000	708.640	-3129.000	105.749
37.000	708.630	-3140.600	108.754
38.000	708.620	-3124.500	111.758
39.000	708.610	-3141.200	114.763
40.000	708.600	-3133.700	117.624
41.000	708.590	-3151.000	120.629
42.000	708.580	-3174.800	123.636
43.000	708.570	-3107.300	126.640
44.000	708.560	-3128.000	129.645
45.000	708.550	-3099.200	132.651
46.000	708.540	-3106.000	135.655
47.000	708.530	-3136.800	138.661
48.000	708.520	-3197.100	141.665
49.000	708.510	-3140.200	144.670
50.000	708.500	-3128.600	147.675
51.000	708.490	-3108.700	150.681
52.000	708.480	-3152.500	153.687
53.000	708.470	-3091.900	156.691
54.000	708.460	-3110.600	159.696
55.000	708.450	-3088.500	162.701
56.000	708.440	-3034.000	165.706
57.000	708.430	-3042.700	168.712
58.000	708.420	-3041.300	171.714
59.000	708.410	-3015.200	174.718
60.000	708.400	-2967.400	177.721
61.000	708.390	-3028.000	180.725
62.000	708.380	-3039.100	183.732
63.000	708.370	-3078.100	186.736
64.000	708.360	-2975.600	189.741
65.000	708.350	-2989.800	192.746
66.000	708.340	-2968.800	195.750
67.000	708.330	-3017.900	198.754
68.000	708.320	-3000.600	201.759
69.000	708.310	-2955.800	204.622
70.000	708.300	-2938.800	207.627
71.000	708.290	-2925.200	210.631
72.000	708.280	-2980.200	213.635
73.000	708.270	-2966.500	216.639
74.000	708.260	-2959.100	219.646
75.000	708.250	-3019.700	222.650
76.000	708.240	-3064.200	225.655
77.000	708.230	-3007.900	228.660
78.000	708.220	-2984.100	231.663
79.000	708.210	-3028.200	234.668
80.000	708.200	-3077.500	237.674
81.000	708.190	-3026.500	240.679
82.000	708.180	-3007.500	243.684
83.000	708.170	-2987.600	246.689
84.000	708.160	-3040.300	249.694
85.000	708.150	-2955.700	252.699
86.000	708.140	-2898.100	255.704
87.000	708.130	-2890.700	258.708
88.000	708.120	-2834.900	261.712
89.000	708.110	-2829.200	264.718
90.000	708.100	-2824.100	267.722
91.000	708.090	-2893.700	270.727
92.000	708.080	-2926.100	273.733
93.000	708.070	-2905.600	276.738
94.000	708.060	-2893.400	279.743
95.000	708.050	-2862.300	282.747
96.000	708.040	-2880.900	285.752
97.000	708.030	-2888.000	288.759
98.000	708.020	-2876.400	291.621
99.000	708.010	-2862.500	294.627
100.000	708.000	-2840.000	297.632
101.000	707.990	-2849.000	300.638
102.000	707.980	-2840.000	303.644
103.000	707.970	-2878.400	306.649
104.000	707.960	-2821.500	309.655
105.000	707.950	-2839.200	312.657
106.000	707.940	-2793.500	315.661
107.000	707.930	-2757.700	318.666
108.000	707.920	-2779.800	321.671
109.000	707.910	-2771.400	324.677
110.000	707.900	-2772.600	327.679
111.000	707.890	-2799.300	330.682
112.000	707.880	-2829.100	333.686
113.000	707.870	-2848.800	336.690
114.000	707.860	-2860.600	339.694
115.000	707.850	-2858.400	342.700
116.000	707.840	-2869.100	345.704
117.000	707.830	-2923.900	348.710
118.000	707.820	-2887.300	351.713
119.000	707.810	-2878.200	354.718
120.000	707.800	-2828.500	357.723
121.000	707.790	-2793.800	360.728
122.000	707.780	-2869.600	363.734
123.000	707.770	-2889.700	366.738
124.000	707.760	-2891.200	369.743
125.000	707.750	-2903.400	372.746
126.000	707.740	-2895.500	375.751
127.000	707.730	-2837.800	378.755
128.000	707.720	-2802.200	381.761
129.000	707.710	-2773.900	384.625
130.000	707.700	-2775.600	387.630
131.000	707.690	-2799.000	390.634
132.000	707.680	-2794.900	393.638
133.000	707.670	-2761.100	396.642
134.000	707.660	-2783.800	399.646
135.000	707.650	-2755.400	402.650
136.000	707.640	-2687.800	405.654
137.000	707.630	-2633.300	408.658
138.000	707.620	-2647.900	411.664
139.000	707.610	-2659.100	414.668
140.000	707.600	-2628.800	417.671
141.000	707.590	-2685.200	420.675
142.000	707.580	-2629.800	423.679
143.000	707.570	-2585.600	426.684
144.000	707.560	-2580.400	429.690
145.000	707.550	-2594.200	432.693
146.000	707.540	-2597.600	435.697
147.000	707.530	-2556.900	438.701
148.000	707.520	-2610.200	441.708
149.000	707.510	-2603.000	444.713
150.000	707.500	-2572.400	447.718
151.000	707.490	-2559.800	450.722
152.000	707.480	-2528.600	453.725
153.000	707.470	-2491.300	456.730
154.000	707.460	-2508.100	459.735
155.000	707.450	-2498.100	462.739
156.000	707.440	-2483.900	465.745
157.000	707.430	-2486.600	468.748
158.000	707.420	-2449.700	471.752
159.000	707.410	-2406.500	474.756
160.000	707.400	-2423.900	477.759
161.000	707.390	-2412.900	480.621
162.000	707.380	-2399.000	483.626
163.000	707.370	-2408.300	486.631
164.000	707.360	-2376.600	489.637
165.000	707.350	-2335.900	492.641
166.000	707.340	-2335.900	495.645
167.000	707.330	-2311.600	498.650
168.000	707.320	-2272.200	501.656
169.000	707.310	-2307.800	504.660
170.000	707.300	-2330.800	507.664
171.000	707.290	-2329.000	510.669
172.000	707.280	-2316.400	513.673
173.000	707.270	-2286.700	516.679
174.000	707.260	-2223.500	519.685
175.000	707.250	-2262.000	522.688
176.000	707.240	-2234.800	525.693
177.000	707.230	-2208.000	528.696
178.000	707.220	-2201.500	531.701
179.000	707.210	-2190.400	534.705
180.000	707.200	-2230.300	537.710
181.000	707.190	-2205.400	540.715
182.000	707.180	-2213.500	543.719
183.000	707.170	-2167.000	546.723
184.000	707.160	-2112.000	549.728
185.000	707.150	-2133.000	552.734
186.000	707.140	-2031.900	555.737
187.000	707.130	-2028.800	558.740
188.000	707.120	-2000.200	561.744
189.000	707.110	-2014.800	564.746
190.000	707.100	-1993.800	567.751
191.000	707.090	-2012.700	570.756
192.000	707.080	-2052.300	573.760
193.000	707.070	-2119.400	576.621
194.000	707.060	-2131.800	579.625
195.000	707.050	-2134.700	582.629
196.000	707.040	-2095.500	585.634
197.000	707.030	-2088.100	588.639
198.000	707.020	-2083.200	591.644
199.000	707.010	-2080.700	594.649
200.000	707.000	-2096.900	597.654
201.000	706.990	-2072.500	600.658
202.000	706.980	-2082.800	603.663
203.000	706.970	-2113.000	606.667
204.000	706.960	-2096.500	609.670
205.000	706.950	-2080.300	612.674
206.000	706.940	-2013.100	615.679
207.000	706.930	-2028.700	618.684
208.000	706.920	-2016.300	621.690
209.000	706.910	-2034.800	624.694
210.000	706.900	-2077.500	627.698
211.000	706.890	-2061.200	630.703
212.000	706.880	-2103.700	633.706
213.000	706.870	-2133.600	636.711
214.000	706.860	-2141.300	639.716
215.000	706.850	-2163.000	642.721
216.000	706.840	-2131.300	645.725
217.000	706.830	-2169.600	648.729
218.000	706.820	-2177.900	651.733
219.000	706.810	-2183.100	654.737
220.000	706.800	-2156.900	657.743
221.000	706.790	-2120.000	660.747
222.000	706.780	-2112.400	663.752
223.000	706.770	-2119.800	666.757
224.000	706.760	-2138.200	669.760
225.000	706.750	-2114.300	672.622
226.000	706.740	-2139.800	676.548
227.000	706.730	-2152.500	678.697
228.000	706.720	-2168.200	681.703
229.000	706.710	-2166.700	684.707
230.000	706.700	-2180.400	687.712
231.000	706.690	-2172.000	690.719
232.000	706.680	-2186.800	693.723
233.000	706.670	-2236.500	696.728
234.000	706.660	-2219.500	699.732
235.000	706.650	-2235.700	702.737
236.000	706.640	-2198.500	705.741
237.000	706.630	-2174.500	708.747
238.000	706.620	-2174.400	711.751
239.000	706.610	-2203.600	714.755
240.000	706.600	-2210.200	717.619
241.000	706.590	-2203.200	720.624
242.000	706.580	-2245.900	723.629
243.000	706.570	-2305.400	726.634
244.000	706.560	-2277.000	729.638
245.000	706.550	-2271.800	732.644
246.000	706.540	-2229.300	735.649
247.000	706.530	-2217.600	738.613
248.000	706.520	-2226.600	741.569
249.000	706.510	-2208.300	744.730
250.000	706.500	-2216.800	747.722
251.000	706.490	-2260.900	750.726
252.000	706.480	-2277.900	753.731
253.000	706.470	-2275.600	756.736
254.000	706.460	-2275.000	759.742
255.000	706.450	-2240.600	762.748
256.000	706.440	-2289.500	765.752
257.000	706.430	-2260.300	768.756
258.000	706.420	-2266.200	771.620
259.000	706.410	-2261.400	774.624
260.000	706.400	-2252.600	777.629
261.000	706.390	-2238.800	780.634
262.000	706.380	-2286.200	783.639
263.000	706.370	-2278.500	786.643
264.000	706.360	-2369.000	789.647
265.000	706.350	-2347.900	792.652
266.000	706.340	-2292.000	795.658
267.000	706.330	-2302.100	798.665
268.000	706.320	-2311.700	801.669
269.000	706.310	-2293.900	804.674
270.000	706.300	-2279.400	807.678
271.000	706.290	-2288.400	810.683
272.000	706.280	-2273.000	813.689
273.000	706.270	-2292.800	816.694
274.000	706.260	-2257.100	819.698
275.000	706.250	-2240.800	822.703
276.000	706.240	-2282.800	825.708
277.000	706.230	-2286.500	828.714
278.000	706.220	-2314.600	831.720
279.000	706.210	-2256.300	834.723
280.000	706.200	-2264.500	837.727
281.000	706.190	-2241.800	840.731
282.000	706.180	-2286.600	843.736
283.000	706.170	-2249.900	846.740
284.000	706.160	-2262.700	849.745
285.000	706.150	-2274.400	852.750
286.000	706.140	-2230.600	855.754
287.000	706.130	-2241.400	858.760
288.000	706.120	-2216.100	861.622
289.000	706.110	-2248.600	864.627
290.000	706.100	-2245.400	867.633
291.000	706.090	-2321.500	870.638
292.000	706.080	-2309.000	873.643
293.000	706.070	-2328.800	876.647
294.000	706.060	-2350.500	879.652
295.000	706.050	-2367.000	882.657
296.000	706.040	-2341.200	885.662
297.000	706.030	-2305.300	888.667
298.000	706.020	-2298.200	891.672
299.000	706.010	-2296.800	894.677
300.000	706.000	-2264.100	897.684
301.000	705.990	-2275.800	900.689
302.000	705.980	-2287.500	903.694
303.000	705.970	-2273.100	906.698
304.000	705.960	-2305.900	909.703
305.000	705.950	-2296.000	912.707
306.000	705.940	-2250.200	915.711
307.000	705.930	-2271.800	918.716
308.000	705.920	-2282.400	921.719
309.000	705.910	-2267.000	924.724
310.000	705.900	-2292.700	927.730
311.000	705.890	-2240.900	930.734
312.000	705.880	-2206.900	933.739
313.000	705.870	-2272.200	936.744
314.000	705.860	-2288.700	939.750
315.000	705.850	-2318.900	942.755
316.000	705.840	-2311.400	945.759
317.000	705.830	-2280.700	948.621
318.000	705.820	-2302.200	951.627
319.000	705.810	-2268.200	954.633
320.000	705.800	-2230.300	957.638
321.000	705.790	-2230.400	960.643
322.000	705.780	-2228.800	963.649
323.000	705.770	-2239.100	966.652
324.000	705.760	-2259.500	969.659
325.000	705.750	-2250.600	972.665
326.000	705.740	-2297.200	975.669
327.000	705.730	-2257.300	978.675
328.000	705.720	-2257.200	981.679
329.000	705.710	-2231.700	984.685
330.000	705.700	-2250.300	987.690
331.000	705.690	-2304.800	990.695
332.000	705.680	-2244.900	993.700
333.000	705.670	-2156.200	996.704
334.000	705.660	-2145.200	999.709
335.000	705.650	-2091.800	1002.713
336.000	705.640	-2177.900	1005.718
337.000	705.630	-2222.500	1008.723
338.000	705.620	-2247.100	1011.728
339.000	705.610	-2229.900	1014.732
340.000	705.600	-2228.800	1017.736
341.000	705.590	-2217.900	1020.741
342.000	705.580	-2181.000	1023.748
343.000	705.570	-2194.200	1026.752
344.000	705.560	-2175.600	1029.757
345.000	705.550	-2198.200	1032.621
346.000	705.540	-2162.800	1035.626
347.000	705.530	-2126.500	1038.632
348.000	705.520	-2144.100	1041.638
349.000	705.510	-2176.600	1044.642
350.000	705.500	-2170.000	1047.647
351.000	705.490	-2161.100	1050.652
352.000	705.480	-2127.200	1053.657
353.000	705.470	-2124.400	1056.661
354.000	705.460	-2152.200	1059.667
355.000	705.450	-2159.200	1062.670
356.000	705.440	-2195.100	1065.675
357.000	705.430	-2177.600	1068.680
358.000	705.420	-2229.700	1071.684
359.000	705.410	-2194.900	1074.689
360.000	705.400	-2179.900	1077.695
361.000	705.390	-2163.100	1080.701
362.000	705.380	-2142.400	1083.706
363.000	705.370	-2074.800	1086.711
364.000	705.360	-2104.500	1089.716
365.000	705.350	-2044.300	1092.720
366.000	705.340	-2062.600	1095.727
367.000	705.330	-2029.400	1098.732
368.000	705.320	-2010.900	1101.736
369.000	705.310	-1984.900	1104.742
370.000	705.300	-1992.600	1107.746
371.000	705.290	-2011.100	1110.753
372.000	705.280	-1977.400	1113.758
373.000	705.270	-1956.900	1116.762
374.000	705.260	-1963.100	1119.625
375.000	705.250	-1944.500	1122.628
376.000	705.240	-2012.000	1125.633
377.000	705.230	-1988.300	1128.639
378.000	705.220	-1943.100	1131.643
379.000	705.210	-1959.600	1134.648
380.000	705.200	-1969.900	1137.652
381.000	705.190	-1915.600	1140.658
382.000	705.180	-1939.300	1143.663
383.000	705.170	-1910.600	1146.669
384.000	705.160	-1881.100	1149.674
385.000	705.150	-1875.300	1152.677
386.000	705.140	-1829.400	1155.682
387.000	705.130	-1867.900	1158.686
388.000	705.120	-1847.600	1161.691
389.000	705.110	-1820.800	1164.696
390.000	705.100	-1785.900	1167.699
391.000	705.090	-1811.100	1170.704
392.000	705.080	-1799.600	1173.708
393.000	705.070	-1807.600	1176.713
394.000	705.060	-1817.400	1179.717
395.000	705.050	-1826.400	1182.722
396.000	705.040	-1884.100	1185.728
397.000	705.030	-1882.400	1188.733
398.000	705.020	-1882.600	1191.738
399.000	705.010	-1859.800	1194.742
400.000	705.000	-1849.600	1197.748
401.000	704.990	-1841.700	1200.754
402.000	704.980	-1856.400	1203.759
403.000	704.970	-1863.900	1206.764
404.000	704.960	-1833.800	1209.625
405.000	704.950	-1827.600	1212.629
406.000	704.940	-1772.600	1215.634
407.000	704.930	-1776.400	1218.637
408.000	704.920	-1762.000	1221.642
409.000	704.910	-1705.900	1224.646
410.000	704.900	-1739.800	1227.650
411.000	704.890	-1768.100	1230.655
412.000	704.880	-1738.000	1233.661
413.000	704.870	-1739.800	1236.668
414.000	704.860	-1782.100	1239.674
415.000	704.850	-1810.000	1242.678
416.000	704.840	-1804.700	1245.683
417.000	704.830	-1826.100	1248.687
418.000	704.820	-1808.400	1251.693
419.000	704.810	-1827.200	1254.698
420.000	704.800	-1806.200	1257.702
421.000	704.790	-1806.500	1260.709
422.000	704.780	-1790.800	1263.714
423.000	704.770	-1784.400	1266.719
424.000	704.760	-1774.100	1269.726
425.000	704.750	-1768.400	1272.731
426.000	704.740	-1769.500	1275.735
427.000	704.730	-1777.100	1278.739
428.000	704.720	-1799.700	1281.744
429.000	704.710	-1787.800	1284.748
430.000	704.700	-1825.100	1287.753
431.000	704.690	-1850.100	1290.758
432.000	704.680	-1830.600	1293.620
433.000	704.670	-1852.800	1296.625
434.000	704.660	-1825.000	1299.630
435.000	704.650	-1815.600	1302.636
436.000	704.640	-1846.600	1305.641
437.000	704.630	-1891.100	1308.645
438.000	704.620	-1892.200	1311.649
439.000	704.610	-1890.500	1314.655
440.000	704.600	-1869.100	1317.659
441.000	704.590	-1860.100	1320.665
442.000	704.580	-1839.400	1323.669
443.000	704.570	-1837.200	1326.674
444.000	704.560	-1859.200	1329.678
445.000	704.550	-1842.500	1332.683
446.000	704.540	-1854.400	1335.689
447.000	704.530	-1845.800	1338.694
448.000	704.520	-1845.000	1341.699
449.000	704.510	-1842.400	1344.703
450.000	704.500	-1828.100	1347.708
451.000	704.490	-1833.400	1350.713
452.000	704.480	-1834.300	1353.717
453.000	704.470	-1863.200	1356.723
454.000	704.460	-1884.800	1359.728
455.000	704.450	-1921.600	1362.733
456.000	704.440	-1864.900	1365.739
457.000	704.430	-1880.500	1368.744
458.000	704.420	-1895.000	1371.749
459.000	704.410	-1897.200	1374.754
460.000	704.400	-1926.200	1377.759
461.000	704.390	-1917.500	1380.764
462.000	704.380	-1941.200	1383.626
463.000	704.370	-1954.400	1386.631
464.000	704.360	-2014.400	1389.635
465.000	704.350	-2013.200	1392.641
466.000	704.340	-2018.000	1395.648
467.000	704.330	-2027.100	1398.653
468.000	704.320	-2008.900	1401.657
469.000	704.310	-1979.700	1404.662
470.000	704.300	-1971.200	1407.668
471.000	704.290	-1963.500	1410.673
472.000	704.280	-1963.400	1413.677
473.000	704.270	-1936.100	1416.680
474.000	704.260	-1992.100	1419.684
475.000	704.250	-2009.300	1422.689
476.000	704.240	-1956.200	1425.696
477.000	704.230	-1998.500	1428.701
478.000	704.220	-2008.400	1431.706
479.000	704.210	-2034.200	1434.710
480.000	704.200	-2069.000	1437.715
481.000	704.190	-2091.300	1440.719
482.000	704.180	-2084.700	1443.723
483.000	704.170	-2094.400	1446.727
484.000	704.160	-2079.800	1449.731
485.000	704.150	-2095.700	1452.735
486.000	704.140	-2089.300	1455.741
487.000	704.130	-2071.700	1458.746
488.000	704.120	-2025.800	1461.752
489.000	704.110	-2015.000	1464.754
490.000	704.100	-2053.000	1467.759
491.000	704.090	-2055.100	1470.621
492.000	704.080	-2104.300	1473.625
493.000	704.070	-2081.500	1476.630
494.000	704.060	-2066.600	1479.636
495.000	704.050	-2037.800	1482.641
496.000	704.040	-2048.100	1485.645
497.000	704.030	-2013.800	1488.649
498.000	704.020	-2008.300	1491.655
499.000	704.010	-2019.300	1494.659
500.000	704.000	-2032.100	1497.665
501.000	703.990	-2053.100	1500.670
502.000	703.980	-2049.700	1503.674
503.000	703.970	-2073.900	1506.680
504.000	703.960	-2081.100	1509.684
505.000	703.950	-2078.500	1512.688
506.000	703.940	-2133.000	1515.693
507.000	703.930	-2148.500	1518.697
508.000	703.920	-2142.600	1521.701
509.000	703.910	-2135.400	1524.704
510.000	703.900	-2142.900	1527.709
511.000	703.890	-2164.700	1530.713
512.000	703.880	-2169.300	1533.718
513.000	703.870	-2176.800	1536.723
514.000	703.860	-2203.600	1539.727
515.000	703.850	-2190.000	1542.733
516.000	703.840	-2216.000	1545.738
517.000	703.830	-2234.300	1548.743
518.000	703.820	-2243.300	1551.748
519.000	703.810	-2221.400	1554.752
520.000	703.800	-2177.300	1557.757
521.000	703.790	-2171.800	1560.619
522.000	703.780	-2235.800	1563.624
523.000	703.770	-2221.800	1566.630
524.000	703.760	-2201.500	1569.634
525.000	703.750	-2184.300	1572.639
526.000	703.740	-2181.900	1575.643
527.000	703.730	-2214.400	1578.647
528.000	703.720	-2222.300	1581.653
529.000	703.710	-2183.300	1584.658
530.000	703.700	-2165.400	1587.664
531.000	703.690	-2166.100	1590.668
532.000	703.680	-2162.200	1593.673
533.000	703.670	-2157.600	1596.679
534.000	703.660	-2182.500	1599.683
535.000	703.650	-2205.200	1602.689
536.000	703.640	-2222.400	1605.694
537.000	703.630	-2215.300	1608.699
538.000	703.620	-2221.500	1611.703
539.000	703.610	-2212.100	1614.708
540.000	703.600	-2190.200	1617.715
541.000	703.590	-2230.100	1620.720
542.000	703.580	-2222.100	1623.725
543.000	703.570	-2193.900	1626.730
544.000	703.560	-2174.200	1629.734
545.000	703.550	-2142.900	1632.739
546.000	703.540	-2162.100	1635.745
547.000	703.530	-2132.500	1638.750
548.000	703.520	-2216.300	1641.755
549.000	703.510	-2243.400	1644.759
550.000	703.500	-2259.400	1647.621
551.000	703.490	-2237.200	1650.624
552.000	703.480	-2222.000	1653.628
553.000	703.470	-2249.100	1656.632
554.000	703.460	-2252.900	1659.637
555.000	703.450	-2280.800	1662.642
556.000	703.440	-2296.100	1665.645
557.000	703.430	-2318.200	1668.650
558.000	703.420	-2336.300	1671.657
559.000	703.410	-2339.500	1674.662
560.000	703.400	-2388.400	1677.668
561.000	703.390	-2401.300	1680.673
562.000	703.380	-2353.600	1683.679
563.000	703.370	-2324.100	1686.683
564.000	703.360	-2268.800	1689.690
565.000	703.350	-2248.300	1692.694
566.000	703.340	-2270.600	1695.698
567.000	703.330	-2274.200	1698.703
568.000	703.320	-2253.900	1701.708
569.000	703.310	-2271.100	1704.715
570.000	703.300	-2231.700	1707.720
571.000	703.290	-2233.000	1710.724
572.000	703.280	-2240.400	1713.728
573.000	703.270	-2246.600	1716.732
574.000	703.260	-2222.500	1719.737
575.000	703.250	-2199.100	1722.743
576.000	703.240	-2148.200	1725.749
577.000	703.230	-2201.800	1728.754
578.000	703.220	-2175.700	1731.758
579.000	703.210	-2171.200	1734.762
580.000	703.200	-2190.200	1737.624
581.000	703.190	-2157.600	1740.630
582.000	703.180	-2154.300	1743.635
583.000	703.170	-2138.400	1746.639
584.000	703.160	-2166.500	1749.643
585.000	703.150	-2136.800	1752.649
586.000	703.140	-2159.900	1755.655
587.000	703.130	-2151.900	1758.662
588.000	703.120	-2136.600	1761.667
589.000	703.110	-2173.100	1764.671
590.000	703.100	-2138.200	1767.677
591.000	703.090	-2199.900	1770.681
592.000	703.080	-2246.100	1773.686
593.000	703.070	-2236.900	1776.691
594.000	703.060	-2252.500	1779.695
595.000	703.050	-2257.900	1782.700
596.000	703.040	-2236.400	1785.704
597.000	703.030	-2189.000	1788.710
598.000	703.020	-2164.200	1791.714
599.000	703.010	-2157.600	1794.720
600.000	703.000	-2188.900	1797.724
601.000	702.990	-2162.000	1800.729
602.000	702.980	-2132.800	1803.733
603.000	702.970	-2114.300	1806.736
604.000	702.960	-2126.900	1809.743
605.000	702.950	-2133.600	1812.749
606.000	702.940	-2129.400	1815.755
607.000	702.930	-2160.000	1818.760
608.000	702.920	-2167.900	1821.623
609.000	702.910	-2156.500	1824.630
610.000	702.900	-2164.600	1827.635
611.000	702.890	-2183.100	1830.640
612.000	702.880	-2194.200	1833.645
613.000	702.870	-2212.300	1836.650
614.000	702.860	-2201.400	1839.655
615.000	702.850	-2165.400	1842.659
616.000	702.840	-2155.300	1845.665
617.000	702.830	-2197.800	1848.669
618.000	702.820	-2229.900	1851.673
619.000	702.810	-2209.800	1854.678
620.000	702.800	-2232.800	1857.682
621.000	702.790	-2224.900	1860.688
622.000	702.780	-2245.800	1863.695
623.000	702.770	-2256.800	1866.699
624.000	702.760	-2306.100	1869.704
625.000	702.750	-2277.100	1872.708
626.000	702.740	-2241.700	1876.636
627.000	702.730	-2261.700	1878.643
628.000	702.720	-2270.200	1881.649
629.000	702.710	-2302.900	1884.653
630.000	702.700	-2325.200	1887.655
631.000	702.690	-2297.800	1890.661
632.000	702.680	-2341.200	1893.665
633.000	702.670	-2349.700	1896.669
634.000	702.660	-2327.300	1899.675
635.000	702.650	-2286.500	1902.680
636.000	702.640	-2276.300	1905.684
637.000	702.630	-2230.400	1908.689
638.000	702.620	-2247.500	1911.694
639.000	702.610	-2277.100	1914.700
640.000	702.600	-2299.300	1917.704
641.000	702.590	-2304.600	1920.710
642.000	702.580	-2368.700	1923.715
643.000	702.570	-2324.000	1926.722
644.000	702.560	-2322.600	1929.726
645.000	702.550	-2296.500	1932.730
646.000	702.540	-2288.900	1935.735
647.000	702.530	-2286.200	1938.740
648.000	702.520	-2322.900	1941.744
649.000	702.510	-2318.700	1944.749
650.000	702.500	-2325.000	1947.753
651.000	702.490	-2295.200	1950.759
652.000	702.480	-2313.500	1953.765
653.000	702.470	-2360.700	1956.626
654.000	702.460	-2352.500	1959.630
655.000	702.450	-2378.400	1962.635
656.000	702.440	-2356.700	1965.641
657.000	702.430	-2353.600	1968.645
658.000	702.420	-2379.400	1971.650
659.000	702.410	-2422.000	1974.655
660.000	702.400	-2466.500	1977.659
661.000	702.390	-2435.400	1980.663
662.000	702.380	-2402.000	1983.666
663.000	702.370	-2425.100	1986.673
664.000	702.360	-2489.300	1989.678
665.000	702.350	-2457.600	1992.682
666.000	702.340	-2439.200	1995.688
667.000	702.330	-2445.900	1998.692
668.000	702.320	-2436.400	2001.697
669.000	702.310	-2471.200	2004.704
670.000	702.300	-2436.100	2007.708
671.000	702.290	-2445.200	2010.713
672.000	702.280	-2438.800	2013.718
673.000	702.270	-2423.500	2016.723
674.000	702.260	-2418.700	2019.727
675.000	702.250	-2394.800	2022.730
676.000	702.240	-2424.200	2025.734
677.000	702.230	-2387.000	2028.738
678.000	702.220	-2373.100	2031.742
679.000	702.210	-2370.000	2034.748
680.000	702.200	-2386.500	2037.754
681.000	702.190	-2375.200	2040.759
682.000	702.180	-2370.200	2043.621
683.000	702.170	-2404.200	2046.627
684.000	702.160	-2428.900	2049.632
685.000	702.150	-2438.300	2052.635
686.000	702.140	-2440.800	2055.640
687.000	702.130	-2430.900	2058.643
688.000	702.120	-2439.900	2061.647
689.000	702.110	-2454.800	2064.652
690.000	702.100	-2452.200	2067.657
691.000	702.090	-2489.300	2070.662
692.000	702.080	-2494.800	2073.669
693.000	702.070	-2444.400	2076.674
694.000	702.060	-2471.000	2079.680
695.000	702.050	-2436.000	2082.684
696.000	702.040	-2427.500	2085.688
697.000	702.030	-2462.300	2088.693
698.000	702.020	-2476.100	2091.698
699.000	702.010	-2492.400	2094.703
700.000	702.000	-2521.900	2097.707
701.000	701.990	-2556.000	2100.711
702.000	701.980	-2539.800	2103.714
703.000	701.970	-2475.900	2106.720
704.000	701.960	-2450.300	2109.726
705.000	701.950	-2473.100	2112.730
706.000	701.940	-2504.700	2115.737
707.000	701.930	-2513.500	2118.742
708.000	701.920	-2492.000	2121.746
709.000	701.910	-2461.000	2124.753
710.000	701.900	-2426.400	2127.757
711.000	701.890	-2503.100	2130.620
712.000	701.880	-2536.600	2133.625
713.000	701.870	-2493.000	2136.630
714.000	701.860	-2442.700	2139.632
715.000	701.850	-2405.600	2142.638
716.000	701.840	-2396.900	2145.644
717.000	701.830	-2419.100	2148.647
718.000	701.820	-2424.400	2151.651
719.000	701.810	-2440.000	2154.652
720.000	701.800	-2433.600	2157.657
721.000	701.790	-2432.700	2160.664
722.000	701.780	-2413.500	2163.667
723.000	701.770	-2390.700	2166.672
724.000	701.760	-2423.800	2169.676
725.000	701.750	-2382.500	2172.681
726.000	701.740	-2365.200	2175.687
727.000	701.730	-2324.700	2178.692
728.000	701.720	-2305.900	2181.696
729.000	701.710	-2350.900	2184.700
730.000	701.700	-2352.900	2187.705
731.000	701.690	-2371.800	2190.710
732.000	701.680	-2357.400	2193.715
733.000	701.670	-2359.500	2196.722
734.000	701.660	-2361.300	2199.727
735.000	701.650	-2378.800	2202.733
736.000	701.640	-2384.800	2205.739
737.000	701.630	-2350.900	2208.742
738.000	701.620	-2376.100	2211.746
739.000	701.610	-2351.300	2214.751
740.000	701.600	-2359.400	2217.756
741.000	701.590	-2389.500	2220.760
742.000	701.580	-2326.000	2223.623
743.000	701.570	-2363.000	2226.628
744.000	701.560	-2369.700	2229.633
745.000	701.550	-2356.300	2232.638
746.000	701.540	-2370.400	2235.641
747.000	701.530	-2346.200	2238.645
748.000	701.520	-2298.800	2241.649
749.000	701.510	-2303.200	2244.653
750.000	701.500	-2247.900	2247.659
751.000	701.490	-2299.900	2250.663
752.000	701.480	-2291.500	2253.668
753.000	701.470	-2311.300	2256.673
754.000	701.460	-2346.400	2259.676
755.000	701.450	-2459.700	2262.680
756.000	701.440	-2478.800	2265.687
757.000	701.430	-2445.500	2268.692
758.000	701.420	-2426.800	2271.698
759.000	701.410	-2436.900	2274.701
760.000	701.400	-2457.100	2277.704
761.000	701.390	-2368.100	2280.708
762.000	701.380	-2372.900	2283.714
763.000	701.370	-2386.500	2286.718
764.000	701.360	-2426.600	2289.722
765.000	701.350	-2405.900	2292.726
766.000	701.340	-2442.800	2295.730
767.000	701.330	-2359.100	2298.735
768.000	701.320	-2346.900	2301.741
769.000	701.310	-2365.900	2304.746
770.000	701.300	-2362.900	2307.751
771.000	701.290	-2430.700	2310.756
772.000	701.280	-2425.900	2313.761
773.000	701.270	-2348.000	2316.623
774.000	701.260	-2316.600	2319.627
775.000	701.250	-2343.000	2322.632
776.000	701.240	-2346.800	2325.635
777.000	701.230	-2302.200	2328.640
778.000	701.220	-2341.200	2331.645
779.000	701.210	-2376.500	2334.650
780.000	701.200	-2378.200	2337.655
781.000	701.190	-2380.700	2340.659
782.000	701.180	-2399.300	2343.664
783.000	701.170	-2402.500	2346.669
784.000	701.160	-2348.800	2349.673
785.000	701.150	-2352.000	2352.678
786.000	701.140	-2360.700	2355.681
787.000	701.130	-2357.300	2358.687
788.000	701.120	-2360.100	2361.694
789.000	701.110	-2279.500	2364.697
790.000	701.100	-2281.200	2367.703
791.000	701.090	-2276.900	2370.708
792.000	701.080	-2292.800	2373.712
793.000	701.070	-2297.600	2376.717
794.000	701.060	-2331.300	2379.721
795.000	701.050	-2340.800	2382.726
796.000	701.040	-2316.300	2385.730
797.000	701.030	-2269.200	2388.736
798.000	701.020	-2267.500	2391.741
799.000	701.010	-2269.700	2394.744
800.000	701.000	-2269.800	2397.748
801.000	700.990	-2249.200	2400.752
802.000	700.980	-2226.400	2403.757
803.000	700.970	-2239.900	2406.763
804.000	700.960	-2224.800	2409.625
805.000	700.950	-2237.900	2412.627
806.000	700.940	-2272.800	2415.631
807.000	700.930	-2279.500	2418.634
808.000	700.920	-2302.700	2421.639
809.000	700.910	-2278.700	2424.642
810.000	700.900	-2315.000	2427.647
811.000	700.890	-2311.100	2430.651
812.000	700.880	-2329.100	2433.656
813.000	700.870	-2322.500	2436.662
814.000	700.860	-2376.900	2439.666
815.000	700.850	-2391.200	2442.670
816.000	700.840	-2349.900	2445.674
817.000	700.830	-2328.600	2448.680
818.000	700.820	-2365.900	2451.684
819.000	700.810	-2350.000	2454.688
820.000	700.800	-2340.000	2457.694
821.000	700.790	-2398.500	2460.698
822.000	700.780	-2402.600	2463.703
823.000	700.770	-2367.300	2466.707
824.000	700.760	-2384.200	2469.713
825.000	700.750	-2388.100	2472.717
826.000	700.740	-2396.500	2475.722
827.000	700.730	-2379.900	2478.726
828.000	700.720	-2332.300	2481.730
829.000	700.710	-2347.000	2484.734
830.000	700.700	-2324.000	2487.739
831.000	700.690	-2305.400	2490.743
832.000	700.680	-2259.200	2493.749
833.000	700.670	-2281.500	2496.753
834.000	700.660	-2303.400	2499.760
835.000	700.650	-2340.000	2502.623
836.000	700.640	-2313.600	2505.629
837.000	700.630	-2332.300	2508.634
838.000	700.620	-2340.200	2511.639
839.000	700.610	-2345.900	2514.642
840.000	700.600	-2397.500	2517.646
841.000	700.590	-2357.800	2520.650
842.000	700.580	-2318.400	2523.653
843.000	700.570	-2316.400	2526.658
844.000	700.560	-2316.300	2529.663
845.000	700.550	-2309.400	2532.666
846.000	700.540	-2343.800	2535.669
847.000	700.530	-2327.600	2538.673
848.000	700.520	-2342.600	2541.676
849.000	700.510	-2318.800	2544.680
850.000	700.500	-2338.200	2547.685
851.000	700.490	-2275.100	2550.689
852.000	700.480	-2250.500	2553.695
853.000	700.470	-2317.600	2556.699
854.000	700.460	-2350.600	2559.705
855.000	700.450	-2309.600	2562.711
856.000	700.440	-2289.800	2565.714
857.000	700.430	-2291.400	2568.719
858.000	700.420	-2285.600	2571.722
859.000	700.410	-2332.400	2574.726
860.000	700.400	-2345.400	2577.730
861.000	700.390	-2364.000	2580.736
862.000	700.380	-2308.600	2583.743
863.000	700.370	-2329.400	2586.748
864.000	700.360	-2375.300	2589.753
865.000	700.350	-2357.700	2592.757
866.000	700.340	-2343.200	2595.619
867.000	700.330	-2363.900	2598.624
868.000	700.320	-2348.300	2601.627
869.000	700.310	-2362.400	2604.631
870.000	700.300	-2383.800	2607.636
871.000	700.290	-2355.100	2610.640
872.000	700.280	-2297.200	2613.645
873.000	700.270	-2262.100	2616.651
874.000	700.260	-2249.000	2619.655
875.000	700.250	-2247.300	2622.659
876.000	700.240	-2288.800	2625.665
877.000	700.230	-2259.600	2628.670
878.000	700.220	-2253.000	2631.675
879.000	700.210	-2240.400	2634.680
880.000	700.200	-2246.400	2637.684
881.000	700.190	-2280.100	2640.689
882.000	700.180	-2250.500	2643.694
883.000	700.170	-2198.600	2646.696
884.000	700.160	-2258.700	2649.699
885.000	700.150	-2253.600	2652.703
886.000	700.140	-2224.900	2655.707
887.000	700.130	-2213.600	2658.712
888.000	700.120	-2199.500	2661.716
889.000	700.110	-2203.900	2664.720
890.000	700.100	-2155.400	2667.725
891.000	700.090	-2141.500	2670.729
892.000	700.080	-2137.600	2673.734
893.000	700.070	-2128.600	2676.739
894.000	700.060	-2103.000	2679.743
895.000	700.050	-2094.900	2682.748
896.000	700.040	-2088.200	2685.754
897.000	700.030	-2118.000	2688.758
898.000	700.020	-2129.100	2691.619
899.000	700.010	-2102.300	2694.623
900.000	700.000	-2070.200	2697.626
901.000	699.990	0.000	2700.630
