0.000	700.000	-527.167	0.000
1.000	699.980	-538.917	5.295
2.000	699.960	-504.667	15.324
3.000	699.940	-542.500	25.300
4.000	699.920	-544.833	35.314
5.000	699.900	-503.000	45.298
6.000	699.880	-486.167	55.315
7.000	699.860	-507.333	65.327
8.000	699.840	-513.833	75.324
9.000	699.820	-519.917	85.299
10.000	699.800	-511.833	95.222
11.000	699.780	-519.167	105.225
12.000	699.760	-484.083	115.299
13.000	699.740	-489.667	125.232
14.000	699.720	-480.083	135.326
15.000	699.700	-471.083	145.224
16.000	699.680	-503.833	155.233
17.000	699.660	-522.500	165.319
18.000	699.640	-517.167	175.326
19.000	699.620	-528.417	185.327
20.000	699.600	-467.417	195.323
21.000	699.580	-476.583	205.322
22.000	699.560	-511.083	215.233
23.000	699.540	-462.667	225.326
24.000	699.520	-500.500	235.233
25.000	699.500	-507.000	245.327
26.000	699.480	-508.917	255.229
27.000	699.460	-528.750	265.232
28.000	699.440	-511.583	275.219
29.000	699.420	-492.417	285.326
30.000	699.400	-502.917	295.233
31.000	699.380	-468.167	305.232
32.000	699.360	-467.000	315.230
33.000	699.340	-456.083	325.329
34.000	699.320	-491.083	335.326
35.000	699.300	-478.417	345.229
36.000	699.280	-448.167	355.233
37.000	699.260	-459.167	365.325
38.000	699.240	-437.250	375.325
39.000	699.220	-435.333	385.231
40.000	699.200	-449.250	395.328
41.000	699.180	-437.667	405.232
42.000	699.160	-425.417	415.328
43.000	699.140	-443.250	425.327
44.000	699.120	-455.167	435.230
45.000	699.100	-499.333	445.327
46.000	699.080	-484.667	455.325
47.000	699.060	-448.000	465.230
48.000	699.040	-448.250	475.232
49.000	699.020	-499.417	485.233
50.000	699.000	-470.250	495.324
51.000	698.980	-465.417	505.233
52.000	698.960	-473.083	515.325
53.000	698.940	-480.500	525.324
54.000	698.920	-469.583	535.326
55.000	698.900	-449.917	545.231
56.000	698.880	-441.917	555.236
57.000	698.860	-433.917	565.325
58.000	698.840	-448.833	575.231
59.000	698.820	-453.000	585.326
60.000	698.800	-467.667	595.232
61.000	698.780	-481.000	605.233
62.000	698.760	-515.583	615.232
63.000	698.740	-543.667	625.237
64.000	698.720	-513.417	635.327
65.000	698.700	-512.333	645.234
66.000	698.680	-507.500	655.242
67.000	698.660	-505.167	665.235
68.000	698.640	-489.167	675.234
69.000	698.620	-491.917	685.236
70.000	698.600	-491.000	695.327
71.000	698.580	-482.333	705.325
72.000	698.560	-464.917	715.237
73.000	698.540	-454.583	725.230
74.000	698.520	-457.417	735.243
75.000	698.500	-484.250	745.225
76.000	698.480	-484.583	755.232
77.000	698.460	-431.583	765.326
78.000	698.440	-416.167	775.242
79.000	698.420	-455.083	785.234
80.000	698.400	-505.833	795.246
81.000	698.380	-476.500	805.239
82.000	698.360	-467.917	815.249
83.000	698.340	-438.250	825.229
84.000	698.320	-400.000	835.234
85.000	698.300	-435.083	845.231
86.000	698.280	-465.000	855.336
87.000	698.260	-437.167	865.238
88.000	698.240	-417.000	875.248
89.000	698.220	-445.083	885.231
90.000	698.200	-463.500	895.243
91.000	698.180	-463.833	905.248
92.000	698.160	-433.500	915.229
93.000	698.140	-421.833	925.233
94.000	698.120	-414.917	935.339
95.000	698.100	-425.750	945.230
96.000	698.080	-424.750	955.234
97.000	698.060	-448.583	965.233
98.000	698.040	-424.083	975.234
99.000	698.020	-398.333	985.235
100.000	698.000	-417.333	995.231
101.000	697.980	-430.917	1005.235
102.000	697.960	-432.917	1015.234
103.000	697.940	-457.750	1025.235
104.000	697.920	-458.417	1035.232
105.000	697.900	-460.167	1045.237
106.000	697.880	-413.250	1055.236
107.000	697.860	-425.500	1065.237
108.000	697.840	-387.167	1075.238
109.000	697.820	-392.333	1085.235
110.000	697.800	-449.833	1095.237
111.000	697.780	-405.250	1105.236
112.000	697.760	-421.083	1115.238
113.000	697.740	-419.833	1125.238
114.000	697.720	-401.417	1135.237
115.000	697.700	-368.833	1145.237
116.000	697.680	-350.750	1155.240
117.000	697.660	-349.833	1165.241
118.000	697.640	-323.250	1175.241
119.000	697.620	-342.750	1185.243
120.000	697.600	-335.583	1195.243
121.000	697.580	-340.167	1205.239
122.000	697.560	-369.167	1215.240
123.000	697.540	-350.500	1225.241
124.000	697.520	-358.000	1235.240
125.000	697.500	-360.250	1245.241
126.000	697.480	-384.583	1255.245
127.000	697.460	-400.833	1265.242
128.000	697.440	-407.917	1275.246
129.000	697.420	-402.167	1285.243
130.000	697.400	-392.000	1295.246
131.000	697.380	-411.500	1305.246
132.000	697.360	-412.917	1315.247
133.000	697.340	-453.417	1325.246
134.000	697.320	-477.000	1335.247
135.000	697.300	-471.000	1345.245
136.000	697.280	-485.167	1355.245
137.000	697.260	-486.500	1365.246
138.000	697.240	-479.083	1375.249
139.000	697.220	-451.667	1385.247
140.000	697.200	-482.667	1395.248
141.000	697.180	-456.250	1405.247
142.000	697.160	-478.583	1415.250
143.000	697.140	-497.750	1425.252
144.000	697.120	-500.667	1435.250
145.000	697.100	-435.333	1445.252
146.000	697.080	-447.417	1455.251
147.000	697.060	-462.833	1465.250
148.000	697.040	-498.917	1475.251
149.000	697.020	-482.000	1485.250
150.000	697.000	-465.667	1495.253
151.000	696.980	-481.833	1505.251
152.000	696.960	-477.167	1515.256
153.000	696.940	-453.250	1525.256
154.000	696.920	-435.333	1535.253
155.000	696.900	-434.083	1545.255
156.000	696.880	-425.417	1555.254
157.000	696.860	-438.833	1565.254
158.000	696.840	-413.917	1575.254
159.000	696.820	-395.333	1585.258
160.000	696.800	-444.500	1595.254
161.000	696.780	-418.250	1605.257
162.000	696.760	-420.583	1615.255
163.000	696.740	-424.333	1625.256
164.000	696.720	-442.167	1635.258
165.000	696.700	-412.667	1645.260
166.000	696.680	-440.500	1655.257
167.000	696.660	-436.667	1665.258
168.000	696.640	-429.583	1675.258
169.000	696.620	-424.667	1685.257
170.000	696.600	-451.833	1695.259
171.000	696.580	-437.250	1705.262
172.000	696.560	-453.750	1715.258
173.000	696.540	-419.750	1725.261
174.000	696.520	-430.000	1735.262
175.000	696.500	-437.667	1745.261
176.000	696.480	-440.500	1755.262
177.000	696.460	-439.333	1765.262
178.000	696.440	-449.250	1775.263
179.000	696.420	-430.333	1785.265
180.000	696.400	-430.083	1795.262
181.000	696.380	-424.417	1805.263
182.000	696.360	-424.000	1815.267
183.000	696.340	-408.750	1825.266
184.000	696.320	-446.250	1835.267
185.000	696.300	-431.833	1845.265
186.000	696.280	-456.083	1855.265
187.000	696.260	-451.500	1865.266
188.000	696.240	-457.167	1875.268
189.000	696.220	-465.917	1885.265
190.000	696.200	-424.083	1895.265
191.000	696.180	-480.500	1905.266
192.000	696.160	-453.500	1915.267
193.000	696.140	-483.750	1925.265
194.000	696.120	-478.917	1935.269
195.000	696.100	-449.000	1945.266
196.000	696.080	-429.250	1955.269
197.000	696.060	-456.250	1965.268
198.000	696.040	-462.083	1975.269
199.000	696.020	-402.250	1985.269
200.000	696.000	-450.167	1995.269
201.000	695.980	-448.250	2005.273
202.000	695.960	-432.667	2015.273
203.000	695.940	-489.667	2025.275
204.000	695.920	-474.333	2035.273
205.000	695.900	-485.833	2045.272
206.000	695.880	-467.500	2055.276
207.000	695.860	-432.917	2065.275
208.000	695.840	-444.000	2075.274
209.000	695.820	-501.583	2085.276
210.000	695.800	-475.083	2095.277
211.000	695.780	-509.083	2105.272
212.000	695.760	-518.167	2115.274
213.000	695.740	-514.000	2125.275
214.000	695.720	-491.417	2135.277
215.000	695.700	-480.167	2145.278
216.000	695.680	-485.833	2155.276
217.000	695.660	-449.083	2165.278
218.000	695.640	-435.833	2175.277
219.000	695.620	-425.250	2185.276
220.000	695.600	-462.583	2195.277
221.000	695.580	-505.083	2205.277
222.000	695.560	-480.500	2215.281
223.000	695.540	-449.833	2225.279
224.000	695.520	-508.333	2235.281
225.000	695.500	-492.000	2245.279
226.000	695.480	-458.083	2255.283
227.000	695.460	-468.917	2265.283
228.000	695.440	-461.500	2275.282
229.000	695.420	-447.417	2285.284
230.000	695.400	-455.750	2295.284
231.000	695.380	-441.917	2305.283
232.000	695.360	-494.083	2315.283
233.000	695.340	-472.833	2325.285
234.000	695.320	-519.083	2335.284
235.000	695.300	-475.500	2345.286
236.000	695.280	-501.583	2355.286
237.000	695.260	-480.750	2365.286
238.000	695.240	-472.750	2375.285
239.000	695.220	-515.417	2385.285
240.000	695.200	-504.667	2395.284
241.000	695.180	-473.500	2405.288
242.000	695.160	-472.500	2415.284
243.000	695.140	-483.667	2425.287
244.000	695.120	-471.667	2435.286
245.000	695.100	-503.750	2445.289
246.000	695.080	-484.167	2455.288
247.000	695.060	-506.333	2465.287
248.000	695.040	-542.417	2475.287
249.000	695.020	-523.750	2485.288
250.000	695.000	-528.583	2495.289
251.000	694.980	-530.500	2505.290
252.000	694.960	-584.167	2515.291
253.000	694.940	-570.083	2525.292
254.000	694.920	-542.083	2535.289
255.000	694.900	-494.333	2545.293
256.000	694.880	-531.333	2555.293
257.000	694.860	-561.750	2565.293
258.000	694.840	-522.083	2575.294
259.000	694.820	-538.500	2585.294
260.000	694.800	-488.750	2595.294
261.000	694.780	-509.417	2605.293
262.000	694.760	-481.500	2615.294
263.000	694.740	-569.833	2625.292
264.000	694.720	-566.750	2635.295
265.000	694.700	-538.750	2645.294
266.000	694.680	-559.750	2655.294
267.000	694.660	-526.083	2665.295
268.000	694.640	-552.250	2675.295
269.000	694.620	-494.250	2685.295
270.000	694.600	-501.583	2695.297
271.000	694.580	-505.083	2705.297
272.000	694.560	-465.333	2715.296
273.000	694.540	-480.667	2725.299
274.000	694.520	-502.833	2735.325
275.000	694.500	-528.750	2745.326
276.000	694.480	-532.667	2755.298
277.000	694.460	-556.917	2765.300
278.000	694.440	-537.500	2775.301
279.000	694.420	-523.750	2785.327
280.000	694.400	-496.917	2795.325
281.000	694.380	-479.750	2805.229
282.000	694.360	-498.667	2815.326
283.000	694.340	-497.583	2825.329
284.000	694.320	-449.500	2835.326
285.000	694.300	-426.750	2845.221
286.000	694.280	-445.167	2855.300
287.000	694.260	-460.750	2865.323
288.000	694.240	-448.583	2875.219
289.000	694.220	-435.417	2885.327
290.000	694.200	-431.917	2895.230
291.000	694.180	-422.333	2905.231
292.000	694.160	-467.417	2915.233
293.000	694.140	-457.833	2925.230
294.000	694.120	-525.917	2935.233
295.000	694.100	-543.167	2945.231
296.000	694.080	-523.417	2955.323
297.000	694.060	-527.083	2965.322
298.000	694.040	-479.083	2975.328
299.000	694.020	-477.667	2985.328
300.000	694.000	-472.167	2995.327
301.000	693.980	-487.750	3005.232
302.000	693.960	-475.167	3015.324
303.000	693.940	-503.750	3025.326
304.000	693.920	-466.833	3035.231
305.000	693.900	-445.917	3045.228
306.000	693.880	-458.750	3055.326
307.000	693.860	-442.417	3065.326
308.000	693.840	-454.583	3075.229
309.000	693.820	-429.917	3085.328
310.000	693.800	-434.417	3095.327
311.000	693.780	-452.000	3105.231
312.000	693.760	-478.750	3115.234
313.000	693.740	-491.583	3125.225
314.000	693.720	-471.333	3135.233
315.000	693.700	-453.000	3145.233
316.000	693.680	-442.500	3155.325
317.000	693.660	-472.000	3165.230
318.000	693.640	-506.083	3175.328
319.000	693.620	-490.000	3185.326
320.000	693.600	-461.083	3195.237
321.000	693.580	-477.250	3205.321
322.000	693.560	-530.917	3215.232
323.000	693.540	-490.917	3225.324
324.000	693.520	-492.000	3235.236
325.000	693.500	-465.083	3245.232
326.000	693.480	-426.750	3255.323
327.000	693.460	-441.833	3265.236
328.000	693.440	-432.500	3275.232
329.000	693.420	-443.917	3285.323
330.000	693.400	-501.333	3295.326
331.000	693.380	-481.167	3305.235
332.000	693.360	-475.167	3315.234
333.000	693.340	-473.917	3325.237
334.000	693.320	-459.583	3335.241
335.000	693.300	-478.250	3345.232
336.000	693.280	-502.167	3355.232
337.000	693.260	-507.583	3365.242
338.000	693.240	-479.333	3375.242
339.000	693.220	-477.250	3385.239
340.000	693.200	-476.500	3395.230
341.000	693.180	-467.667	3405.239
342.000	693.160	-465.583	3415.242
343.000	693.140	-498.500	3425.245
344.000	693.120	-517.167	3435.229
345.000	693.100	-513.500	3445.221
346.000	693.080	-489.667	3455.233
347.000	693.060	-517.250	3465.229
348.000	693.040	-533.583	3475.327
349.000	693.020	-509.083	3485.236
350.000	693.000	-483.583	3495.234
351.000	692.980	-521.417	3505.247
352.000	692.960	-557.083	3515.240
353.000	692.940	-551.417	3525.336
354.000	692.920	-543.667	3535.246
355.000	692.900	-567.333	3545.232
356.000	692.880	-541.250	3555.229
357.000	692.860	-565.833	3565.338
358.000	692.840	-487.417	3575.343
359.000	692.820	-544.167	3585.229
360.000	692.800	-507.167	3595.232
361.000	692.780	-459.417	3605.242
362.000	692.760	-453.250	3615.338
363.000	692.740	-462.000	3625.338
364.000	692.720	-483.250	3635.232
365.000	692.700	-478.333	3645.230
366.000	692.680	-526.167	3655.334
367.000	692.660	-518.500	3665.336
368.000	692.640	-488.250	3675.235
369.000	692.620	-480.667	3685.234
370.000	692.600	-458.333	3695.230
371.000	692.580	-462.750	3705.232
372.000	692.560	-456.583	3715.236
373.000	692.540	-463.167	3725.231
374.000	692.520	-503.417	3735.233
375.000	692.500	-492.583	3745.233
376.000	692.480	-494.167	3755.236
377.000	692.460	-483.333	3765.237
378.000	692.440	-497.917	3775.237
379.000	692.420	-476.417	3785.237
380.000	692.400	-493.000	3795.235
381.000	692.380	-491.750	3805.239
382.000	692.360	-490.583	3815.236
383.000	692.340	-478.167	3825.239
384.000	692.320	-464.750	3835.236
385.000	692.300	-487.167	3845.239
386.000	692.280	-493.417	3855.241
387.000	692.260	-487.667	3865.240
388.000	692.240	-448.917	3875.239
389.000	692.220	-513.667	3885.240
390.000	692.200	-544.250	3895.240
391.000	692.180	-479.833	3905.239
392.000	692.160	-506.833	3915.243
393.000	692.140	-496.917	3925.239
394.000	692.120	-484.000	3935.240
395.000	692.100	-495.250	3945.242
396.000	692.080	-491.500	3955.245
397.000	692.060	-475.583	3965.246
398.000	692.040	-470.083	3975.244
399.000	692.020	-423.750	3985.243
400.000	692.000	-496.250	3995.244
401.000	691.980	-489.917	4005.242
402.000	691.960	-463.083	4015.245
403.000	691.940	-471.583	4025.245
404.000	691.920	-470.000	4035.247
405.000	691.900	-441.167	4045.244
406.000	691.880	-504.083	4055.248
407.000	691.860	-517.500	4065.246
408.000	691.840	-538.583	4075.249
409.000	691.820	-535.333	4085.247
410.000	691.800	-497.500	4095.248
411.000	691.780	-475.000	4105.251
412.000	691.760	-444.833	4115.246
413.000	691.740	-490.417	4125.251
414.000	691.720	-478.750	4135.251
415.000	691.700	-447.167	4145.250
416.000	691.680	-501.750	4155.250
417.000	691.660	-457.833	4165.250
418.000	691.640	-473.750	4175.251
419.000	691.620	-452.417	4185.249
420.000	691.600	-444.583	4195.252
421.000	691.580	-468.417	4205.253
422.000	691.560	-471.500	4215.255
423.000	691.540	-429.167	4225.252
424.000	691.520	-434.417	4235.252
425.000	691.500	-407.833	4245.252
426.000	691.480	-413.000	4255.255
427.000	691.460	-467.833	4265.257
428.000	691.440	-439.167	4275.257
429.000	691.420	-444.167	4285.254
430.000	691.400	-431.833	4295.258
431.000	691.380	-456.833	4305.255
432.000	691.360	-425.083	4315.257
433.000	691.340	-417.333	4325.257
434.000	691.320	-432.917	4335.259
435.000	691.300	-479.250	4345.258
436.000	691.280	-453.833	4355.257
437.000	691.260	-452.583	4365.257
438.000	691.240	-429.917	4375.259
439.000	691.220	-424.583	4385.258
440.000	691.200	-460.583	4395.261
441.000	691.180	-486.833	4405.259
442.000	691.160	-486.667	4415.258
443.000	691.140	-494.583	4425.262
444.000	691.120	-465.833	4435.260
445.000	691.100	-487.917	4445.259
446.000	691.080	-476.583	4455.263
447.000	691.060	-475.500	4465.260
448.000	691.040	-468.000	4475.263
449.000	691.020	-446.917	4485.263
450.000	691.000	-470.750	4495.261
451.000	690.980	-450.083	4505.263
452.000	690.960	-457.583	4515.266
453.000	690.940	-479.583	4525.264
454.000	690.920	-485.750	4535.263
455.000	690.900	-499.750	4545.266
456.000	690.880	-492.083	4555.265
457.000	690.860	-455.833	4565.263
458.000	690.840	-493.583	4575.264
459.000	690.820	-507.750	4585.268
460.000	690.800	-487.583	4595.268
461.000	690.780	-468.250	4605.268
462.000	690.760	-535.667	4615.270
463.000	690.740	-496.750	4625.269
464.000	690.720	-453.750	4635.268
465.000	690.700	-481.750	4645.266
466.000	690.680	-517.583	4655.269
467.000	690.660	-498.417	4665.270
468.000	690.640	-499.833	4675.268
469.000	690.620	-488.917	4685.269
470.000	690.600	-465.083	4695.269
471.000	690.580	-512.833	4705.270
472.000	690.560	-533.667	4715.273
473.000	690.540	-523.833	4725.271
474.000	690.520	-495.000	4735.273
475.000	690.500	-482.000	4745.272
476.000	690.480	-475.250	4755.272
477.000	690.460	-492.083	4765.273
478.000	690.440	-458.833	4775.272
479.000	690.420	-489.583	4785.273
480.000	690.400	-489.333	4795.276
481.000	690.380	-440.083	4805.275
482.000	690.360	-467.833	4815.274
483.000	690.340	-475.167	4825.275
484.000	690.320	-522.083	4835.276
485.000	690.300	-508.417	4845.276
486.000	690.280	-489.583	4855.278
487.000	690.260	-469.750	4865.276
488.000	690.240	-454.000	4875.279
489.000	690.220	-474.250	4885.274
490.000	690.200	-448.333	4895.280
491.000	690.180	-456.500	4905.280
492.000	690.160	-455.667	4915.281
493.000	690.140	-442.250	4925.280
494.000	690.120	-446.000	4935.277
495.000	690.100	-463.333	4945.278
496.000	690.080	-476.083	4955.281
497.000	690.060	-461.333	4965.279
498.000	690.040	-466.667	4975.282
499.000	690.020	-447.917	4985.280
500.000	690.000	-483.667	4995.280
501.000	689.980	0.000	5005.281
